18514,3221295112,71467009,0,0,0,14
376896,36700304,2222981384,0,1,0,0
1610612874,134390784,27525184,0,2,0,17
13631568,536895618,301991969,0,0,1,26
2147631240,1073782789,278136832,0,1,1,2
1073779456,537922568,419438608,0,2,1,6
2147685376,33572994,547618817,0,0,2,21
34084,1619083264,201329154,0,1,2,0
168034592,16799232,542670848,0,2,2,11
100712704,537008129,12910624,0,0,3,0
550010880,2181048328,1210318849,0,1,3,0
1082163713,272761920,2685141024,0,2,3,4
492032,3149834,17302576,0,0,4,0
2506784,542146816,2550136852,0,1,4,0
1077940257,819224,2819637248,0,2,4,21
2214608968,1342211200,16912928,0,0,0,12
37749072,1073752704,336610304,0,1,0,0
2157974016,1073873057,285475848,0,2,0,6
71303392,2311168,2147495960,0,0,1,51
1090783264,2147483783,336594432,0,1,1,7
1082163218,402785408,553910312,0,2,1,6
134238784,269551648,2189427716,0,0,2,38
73433216,602120,143655940,0,1,2,0
2415923210,83328,538050656,0,2,2,9
67371145,1344291328,34083856,0,0,3,14
205586436,303177728,2684358786,0,1,3,0
2148667400,471859201,74002,0,2,3,15
335562756,2151813632,1745616896,0,0,4,0
2109480,176160785,4260288,0,1,4,10
1209024514,270436,809500681,0,2,4,4
268452870,151259152,1155584,0,0,0,9
1610662016,4784896,268440612,0,1,0,6
1442336,1073807808,2432696344,0,2,0,0
12619808,2147500163,540017920,0,0,1,13
1073811969,8560642,306200580,0,1,1,2
2416181316,1713152,545308704,0,2,1,20
36179976,311314,8390336,0,0,2,10
135267600,1074331808,289671168,0,1,2,0
69338368,38305793,536936596,0,2,2,0
1075855888,202932224,42012704,0,0,3,32
8391952,39354368,404750432,0,1,3,17
37749769,3221291168,268845120,0,2,3,0
2147647617,604005376,169345280,0,0,4,18
38283264,604049410,270663745,0,1,4,13
35258496,2818572864,268698888,0,2,4,0
2701328384,1150287873,33224,0,0,0,12
397569,21038096,536914432,0,1,0,0
272635392,1073897488,150995360,0,2,0,0
553662464,2687492,403701920,0,0,1,43
1090593024,302006275,69241344,0,1,1,12
17076736,1241579522,545784128,0,2,1,0
3221225633,155189520,2163266,0,0,2,8
337649666,8437904,16843273,0,1,2,26
268965952,134234156,44105856,0,2,2,40
2417098760,25427973,536904800,0,0,3,32
604012568,289423362,1242038400,0,1,3,0
4849936,3221295232,704651272,0,2,3,0
3909091328,598288,14712836,0,0,4,45
272924674,1276117120,554172484,0,1,4,2
134754432,10503170,570688032,0,2,4,40
1073852416,268978178,131276,0,0,0,32
2624513,3892314128,33620486,0,1,0,0
1612775432,33579200,1180448,0,2,0,15
142616832,2147582000,101191808,0,0,1,32
203423873,294912000,2147555344,0,1,1,11
138428434,36186112,1702887424,0,2,1,0
537398304,16786184,1082409024,0,0,2,10
688386,138420260,67440768,0,1,2,13
139592,302580736,10502784,0,2,2,14
67158050,537198912,8918528,0,0,3,0
1131072,17302531,570437648,0,1,3,15
2751528968,6301700,168820832,0,2,3,22
1610612833,49290,47186432,0,0,4,43
34619920,4229408,1359089664,0,1,4,21
537002117,2484076560,309248,0,2,4,4
1090525312,853248,2483060752,0,0,0,0
2121738,201654276,1360004096,0,1,0,0
704675904,269091080,2148605984,0,2,0,24
10487312,1409425408,554700864,0,0,1,0
8650794,1107297300,134355200,0,1,1,0
536888128,8521740,1074601984,0,2,1,0
268599616,610312,10749968,0,0,2,27
273285184,67436832,1210056714,0,1,2,23
2415953922,138937408,25182736,0,2,2,35
1083244800,9738,2282358784,0,0,3,6
1359089664,134218058,4456965,0,1,3,17
1076429312,268746880,1049904,0,2,3,6
269747202,19529729,2218788880,0,0,4,12
553713674,5680,137363648,0,1,4,23
2214592612,1078493186,25301504,0,2,4,46
524423,2684358944,142696448,0,0,0,0
3758133248,276824176,37758984,0,1,0,33
66784,1611137282,152047632,0,2,0,0
2214674688,184811528,2098338,0,0,1,19
285343816,1142947857,2283044864,0,1,1,0
280705,2357198864,37192,0,2,1,0
50861056,268443724,140541984,0,0,2,0
151130128,542179336,2149583873,0,1,2,18
34611268,1681,2219311360,0,2,2,11
9716224,539099396,301992001,0,0,3,0
3215392,1091060736,2214600769,0,1,3,0
138428450,67117441,1612777472,0,2,3,0
37749128,2416017472,17046528,0,0,4,0
503332864,4718666,1082458128,0,1,4,0
536956960,2218786821,1115685904,0,2,4,0
1670,2317357056,4276289,0,0,0,0
2751472640,1241547008,4538369,0,1,0,24
335840256,1082147329,33564712,0,2,0,19
1275199520,2164326658,7606272,0,0,1,38
3147920,33380,680001544,0,1,1,0
17057280,1351680000,12426,0,2,1,0
42992160,2151727106,2629892,0,0,2,14
1141375248,41944136,21119488,0,1,2,18
16795665,1208025608,537264416,0,2,2,0
77602820,2281701450,1074040848,0,0,3,0
4327808,16810051,67175940,0,1,3,7
2147517600,539557952,269502465,0,2,3,9
302530576,562038912,2360834,0,0,4,32
587202632,134351888,2156138497,0,1,4,34
50331937,1074020376,76685312,0,2,4,13
16973904,2217213960,4200832,0,0,0,14
2165850112,44041220,1074004234,0,1,0,5
426500,2148010272,1107316800,0,2,0,0
167772185,6332928,2416054528,0,0,1,0
18350340,939655680,2155939968,0,1,1,0
1111491586,268521984,8388709,0,2,1,6
604528640,1260388352,269747232,0,0,2,21
2415952928,2623560,80740353,0,1,2,27
2415943744,188776448,78118913,0,2,2,53
48128,1074790449,604111040,0,0,3,46
2662464,58720544,1610940424,0,1,3,10
270532689,68159776,2684880384,0,2,3,0
6295586,1141129224,2181039632,0,0,4,0
138413216,277544960,2148541184,0,1,4,14
84411136,805572624,33637384,0,2,4,14
50339920,542114056,278937632,0,0,0,28
151060552,6422531,2424832256,0,1,0,11
36192260,1610719232,264744,0,2,0,0
538984466,4423684,2147484328,0,0,1,5
1082134545,67117704,172228672,0,1,1,6
543748,17826065,671187008,0,2,1,0
2214625314,11012097,268439820,0,0,2,48
209716240,543264,1078001732,0,1,2,0
1375732740,2629656,2684665856,0,2,2,2
2181050432,1654792,138412163,0,0,3,47
1610809472,2165309446,268449824,0,1,3,16
67895936,1074806852,302088193,0,2,3,4
75825664,2152206400,537953296,0,0,4,0
2148302849,5244036,16802112,0,1,4,24
3221749892,138543184,303047680,0,2,4,15
3762552832,2100488,134283425,0,0,0,30
4332032,33824780,75563266,0,1,0,0
8749072,570426881,2219311232,0,2,0,0
1138689,3456106496,19139072,0,0,1,0
604274944,4391488,542856,0,1,1,22
2153250817,1073791056,304091168,0,2,1,4
134254601,1611137156,33825536,0,0,2,0
1358954516,8405160,34611776,0,1,2,15
218368000,1342185482,2278400,0,2,2,0
285483136,2147522561,1207959626,0,0,3,13
1147666432,2684360708,83520,0,1,3,0
2147489296,33587364,2752832,0,2,3,32
16974016,471891968,2147756544,0,0,4,0
37753860,1092616328,276955664,0,1,4,4
2098211,1073823876,134253064,0,2,4,0
6291493,1611726850,277352464,0,0,0,14
67158532,142868498,1610678408,0,1,0,0
2181044480,1076888068,687874064,0,2,0,6
1208057860,2485125128,42598656,0,0,1,0
152117248,3221882880,37753345,0,1,1,15
168304648,268702240,2216689684,0,2,1,0
696254592,2152800256,1073743366,0,0,2,0
34603300,2818572306,852160,0,1,2,0
176685312,1344278532,2147770370,0,2,2,0
138414212,16818186,277611520,0,0,3,22
4276248,68162561,2754624,0,1,3,0
539494404,2164393024,12323,0,2,3,0
538444289,268707844,25198610,0,0,4,21
536944706,404488192,20975664,0,1,4,45
5308484,302268672,25309184,0,2,4,25
2415960072,9045120,134299908,0,0,0,35
1073762400,16851328,2148042760,0,1,0,0
2416181282,5242949,67264640,0,2,0,15
537133616,557442,76613632,0,0,1,2
17957136,142623752,71567362,0,1,1,22
1627402240,142606412,2148794752,0,2,1,22
136317441,268476488,1145176192,0,0,2,0
436469764,9961730,3225423888,0,1,2,11
8308,137345,2654976,0,2,2,11
152061952,570425417,1442,0,0,3,0
2282225700,1392640000,1314826,0,1,3,8
2156216320,655938,1346374656,0,2,3,4
672157696,67201,2215117064,0,0,4,52
570442784,18874561,1074857988,0,1,4,2
2181177348,4195089,1344294912,0,2,4,29
1118226,205651972,2670720,0,0,0,38
4261898,2432696325,1075318816,0,1,0,0
1359216642,4208704,34734209,0,2,0,17
134807620,805439504,2156924960,0,0,1,25
671352836,12603393,1075322888,0,1,1,21
2849,2102284,101777424,0,2,1,0
14680584,1090650115,570462224,0,0,2,0
6308112,427819010,141408,0,1,2,0
2701172736,2101770,272629968,0,2,2,48
541130786,1124859904,68165652,0,0,3,17
14712840,100676608,2684420161,0,1,3,0
1140920322,2286190592,8914112,0,2,3,10
109068800,269091104,2168457218,0,0,4,0
67272722,2183143488,562299136,0,1,4,10
75498244,6816800,2685403145,0,2,4,0
1074825248,104857603,2148336128,0,0,0,35
68173858,33784832,537661456,0,1,0,35
1082261576,738467840,18876419,0,2,0,13
140509760,2164785281,6436,0,0,1,25
136327232,1610809352,2164263296,0,1,1,0
220200968,1073779716,536937104,0,2,1,37
671141888,11796512,21170176,0,0,2,44
138544384,562563072,2097810,0,1,2,14
67109383,543260672,1099956352,0,2,2,10
4194928,436340736,1142949120,0,0,3,0
167854096,539011072,2416050434,0,1,3,0
3221225479,337651712,570687536,0,2,3,16
8716322,1611665536,287834116,0,0,4,0
539656192,33621249,151257608,0,1,4,5
2214601024,278925316,1180801,0,2,4,25
16942082,1342767232,2315256096,0,0,0,3
268469288,2151825472,1141375492,0,1,0,0
419432449,537400576,75595840,0,2,0,2
16789552,304611330,1614807680,0,0,1,0
1113588224,537920592,16932896,0,1,1,50
268666880,37773344,525457,0,2,1,2
2151680036,67256456,329232,0,0,2,23
25296976,1074528896,73482240,0,1,2,0
10551556,1241661440,537142280,0,2,2,0
541327425,2150662152,16785556,0,0,3,14
1124171776,68159872,4981280,0,1,3,2
268469344,1073752196,2149974024,0,2,3,0
4215872,153354241,2182611456,0,0,4,0
1749024776,17301652,302060544,0,1,4,54
17303936,2415988744,1141899269,0,2,4,0
2701262852,33570968,69730880,0,0,0,7
2684944386,1342194692,8554560,0,1,0,10
16793619,612370496,35652768,0,2,0,0
33624097,763363328,1074939904,0,0,1,0
1108361248,2952790274,17139712,0,1,1,4
16788482,4198917,11534608,0,2,1,14
565328,167772291,8458504,0,0,2,64
2181562436,8471296,1073778698,0,1,2,22
2149059584,2114113,226492420,0,2,2,65
134221874,1174538240,536887436,0,0,3,0
1344274568,2189492480,68165712,0,1,3,13
37814308,136454400,67372098,0,2,3,0
67773440,1610612757,5308450,0,0,4,0
25235472,402704384,34604104,0,1,4,0
211812480,553779520,1107298328,0,2,4,0
1224736804,637536384,2261520,0,0,0,37
134479942,289424384,1073778728,0,1,0,0
4194361,555843584,33572932,0,2,0,0
4333577,269025346,41977888,0,0,1,0
155189265,570442242,270565536,0,1,1,11
46661633,67311616,671351300,0,2,1,21
1074528770,42013696,2348826632,0,0,2,25
134385672,2173173761,33565248,0,1,2,0
77856776,196690,34103424,0,2,2,0
68868,572523016,1342197776,0,0,3,0
536871498,3164416,34111648,0,1,3,23
2151948352,3179264,1141051392,0,2,3,22
142623240,4588546,2684977152,0,0,4,0
268705872,606081280,1738752,0,1,4,43
2131012,268980736,2886729728,0,2,4,0
1141448704,2115594,2182119425,0,0,0,19
138424336,1124204548,270270472,0,1,0,0
1091576320,2147778626,671088908,0,2,0,2
16867344,4751369,537266432,0,0,1,19
537038976,4268098,8406273,0,1,1,5
25872,35917825,4327616,0,2,1,21
2216955904,536872104,8955904,0,0,2,21
142741520,268959817,336132,0,1,2,0
2189426948,2097195,4466816,0,2,2,10
6659,1075872800,67248260,0,0,3,20
1073744068,12583953,168456,0,1,3,15
805306532,140541953,2147625984,0,2,3,11
134643728,17829898,536887620,0,0,4,0
86152,3221258273,6561796,0,1,4,0
276836608,17500160,69223440,0,2,4,20
2261508,1207986176,75501840,0,0,0,3
3221227016,672169988,12714080,0,1,0,41
3229663232,135274760,34078742,0,2,0,22
3296788480,536876168,33718786,0,0,1,27
4473216,1075872264,50861056,0,1,1,0
2294292480,553680961,1183754,0,2,1,43
151715840,14681096,2684389392,0,0,2,21
2283814944,657480,587207168,0,1,2,10
2156937248,370688,570426116,0,2,2,19
2147530752,538969106,33685728,0,0,3,51
36704272,1342185544,2231501312,0,1,3,0
135299120,2487222400,10633220,0,2,3,11
1146892,3288334466,268592128,0,0,4,0
1073889794,20975628,371196032,0,1,4,12
167773456,75497483,2169520128,0,2,4,0
270569476,8464386,3893362688,0,0,0,0
4734988,176162304,553918720,0,1,0,0
1187864,270566016,105398272,0,2,0,11
51584,2416377856,1621098512,0,0,1,0
201654276,38274112,8585,0,1,1,25
151260160,2148569152,436,0,2,1,22
143656976,268832896,35684418,0,0,2,0
136970496,806617600,2252341280,0,1,2,0
1091633156,131777,537446400,0,2,2,20
33830912,134316049,1887453184,0,0,3,4
2214797312,671629313,4194700,0,1,3,15
270567552,41951244,1142161920,0,2,3,6
268441090,16918560,2818834688,0,0,4,0
681574401,1073416,268436532,0,1,4,5
940048416,295953,25174026,0,2,4,28
372736,671088802,75514624,0,0,0,11
5157,1207968512,270549184,0,1,0,0
1050384,1074397249,75825154,0,2,0,0
2147614851,549455104,67408384,0,0,1,12
2151679112,16795696,607129600,0,1,1,5
8409232,1377828896,99074,0,2,1,0
18941953,34607236,1074135120,0,0,2,0
2215118976,2170960,306201600,0,1,2,29
4489296,2149711881,42992256,0,2,2,0
1342194304,134783008,71304272,0,0,3,53
8847364,18879104,536912928,0,1,3,0
1627390224,77594630,2416967713,0,2,3,13
17040396,1209016448,2215313408,0,0,4,3
1073774740,7264,302276608,0,1,4,12
1158938624,268435843,536906304,0,2,4,4
42475528,268567810,155189392,0,0,0,24
2298478784,101189664,1098241,0,1,0,48
151027778,2751464576,5376032,0,2,0,0
1082198080,268697644,20499,0,0,1,28
101187608,138545664,3221324800,0,1,1,13
1157629184,34669072,2146344,0,2,1,50
3221227792,536969856,22151176,0,0,2,25
2490401,14342,2168455696,0,1,2,28
201363968,537134400,2152726688,0,2,2,10
335643648,1075052802,39849992,0,0,3,3
209719300,33555746,541073537,0,1,3,0
143135744,3225550850,100663681,0,2,3,15
21251072,939655172,67117067,0,0,4,0
2420637760,3488,8593410,0,1,4,52
1070096,67439104,25296968,0,2,4,13
1677984768,2160070912,2785281,0,0,0,15
1084490752,2181070858,532656,0,1,0,0
50470913,603980546,138936368,0,2,0,0
135809,33816626,805316672,0,0,1,0
276824386,6373392,538444289,0,1,1,13
360520,3223326721,286263328,0,2,1,0
1074267712,209715240,135187,0,0,2,56
1075904770,67257352,4227156,0,1,2,2
2185249280,1583360,1140982785,0,2,2,8
1099431968,39846017,269746696,0,0,3,15
1091569152,203424008,2156003394,0,1,3,22
17047600,570427136,272105473,0,2,3,0
410628,538968464,1124141056,0,0,4,0
539033736,3238528000,134365760,0,1,4,0
34734145,4228368,8417282,0,2,4,57
1107427338,9183248,136380800,0,0,0,19
8426504,4196387,83959936,0,1,0,0
1075056672,2147696641,34087488,0,2,0,21
671154308,1073218,2432698624,0,0,1,4
1115684960,805307397,577552,0,1,1,46
67239962,134276096,1107562560,0,2,1,0
545263633,16795912,67249184,0,0,2,5
287449088,570491396,1150320640,0,1,2,0
2290090001,301993994,537953344,0,2,2,4
536904258,2229288,1053072,0,0,3,23
2457616,806355976,134222596,0,1,3,0
33589768,86304,555745472,0,2,3,0
1075335168,671220864,16777521,0,0,4,14
1221120,8392904,3758098434,0,1,4,0
6291482,278135296,1207961857,0,2,4,8
286262276,169869336,272768,0,0,0,24
67379234,98625,814219776,0,1,0,10
805437508,13635712,1090551818,0,2,0,16
2282229824,71335946,276955649,0,0,1,39
134299908,100794440,2623618,0,1,1,15
67633682,2156138752,52445216,0,2,1,0
2147502344,17305666,144703536,0,0,2,23
1640512,402658305,1075847432,0,1,2,49
3288401920,17825861,545816578,0,2,2,30
184615936,1057424,2428502020,0,0,3,0
541229060,1207959577,2630176,0,1,3,0
1607808,67305490,402931968,0,2,3,39
341835808,197700,2281979905,0,0,4,2
2638464,2432696592,134417408,0,1,4,0
71966720,2147505153,360768,0,2,4,24
8915264,206336,2148794388,0,0,0,11
134286352,2416968224,10878977,0,1,0,4
1074806944,67645696,36416,0,2,0,36
339804288,537608,60817664,0,0,1,21
852100,603980097,2281711624,0,1,1,0
1073872963,218136592,2147811592,0,2,1,0
2367745,268570634,2281704464,0,0,2,24
2164555778,8913488,100728844,0,1,2,14
318771232,738264064,1058896,0,2,2,0
2214600716,1107559936,4198593,0,0,3,26
539377664,71698,1342186048,0,1,3,0
134255106,67634436,1124073512,0,2,3,23
103026688,545261856,1342243392,0,0,4,10
1082393632,38797377,2953379840,0,1,4,4
67977216,34635788,939655200,0,2,4,0
545284224,67634752,302252049,0,0,0,29
235012104,1048977,545326082,0,1,0,0
29360896,1241518144,539099272,0,2,0,0
67240460,2954895360,33558625,0,0,1,0
3149848,66400,2458124288,0,1,1,0
143196288,2432729104,2109450,0,2,1,0
1074266137,547389504,50595872,0,0,2,19
67373320,2148574208,33685541,0,1,2,0
1612742912,133268,135278600,0,2,2,31
2183397380,268599425,16794370,0,0,3,6
308297728,8456216,1627947008,0,1,3,0
2148089860,16786442,75760144,0,2,3,5
1076889604,67112985,541131266,0,0,4,5
721420290,2151678089,1074793488,0,1,4,0
152044048,810027008,1073807497,0,2,4,11
2187329600,1345568,537461120,0,0,0,58
4483072,16843781,2425356800,0,1,0,0
269748228,134222984,1166016513,0,2,0,0
70262786,134420480,1073758376,0,0,1,42
1342179968,78905344,167804952,0,1,1,19
272957444,1091045392,136347713,0,2,1,0
72089604,134284322,50340353,0,0,2,30
2147492996,268976146,4522056,0,1,2,2
612434048,2151718914,403701828,0,2,2,0
134484482,356581376,537414656,0,0,3,0
343949376,136904708,5374210,0,1,3,13
276828432,555747336,33686658,0,2,3,13
827400,134234402,84936720,0,0,4,15
553812096,2361857,4206598,0,1,4,2
4722753,167775236,545660928,0,2,4,17
2149583888,541081606,1082196225,0,0,0,17
21103618,98864,540748,0,1,0,0
35652628,2218786946,269518856,0,2,0,0
270549088,71303316,2281713666,0,0,1,24
132617,805310532,1073760544,0,1,1,0
1346896000,1085697,168165378,0,2,1,11
3211312,2147488774,1107305088,0,0,2,39
67381504,177210368,805322888,0,1,2,0
269492258,1124336128,2153776144,0,2,2,28
536912192,1083179552,2285895689,0,0,3,32
71368721,1073742150,304873472,0,1,3,0
553672720,1140850956,2182087232,0,2,3,0
402686216,39850112,1311300,0,0,4,9
285217920,557081,612368898,0,1,4,0
1225785346,4196428,606093313,0,2,4,15
402718740,36701248,67404033,0,0,0,34
1091633168,172037,2181304448,0,1,0,20
135004928,1249312,1159725184,0,2,0,10
10485864,541590272,67383312,0,0,1,14
33628417,17842248,278921234,0,1,1,0
2286158080,52437008,604000768,0,2,1,19
200800,227016704,805577216,0,0,2,0
1140981904,403247104,545261826,0,1,2,4
269485073,140509190,2692808768,0,2,2,0
17842689,11010368,2181169158,0,0,3,24
134221057,2153844736,67502146,0,1,3,18
3259236352,268583938,135823376,0,2,3,16
1214528,440664064,1075912706,0,0,4,15
151003280,295457,73925632,0,1,4,11
1308622852,205064,5259282,0,2,4,13
587465216,138420484,2416443401,0,0,0,0
287309848,234948608,4235780,0,1,0,17
1308622849,524348,16924930,0,2,0,50
139440,67634689,1108348932,0,0,1,31
3291480064,687874056,4853761,0,1,1,53
69218816,2450523136,134348874,0,2,1,0
2197823492,1073938704,269256704,0,0,2,17
206047232,1311120,2181039648,0,1,2,4
2147487856,270802945,50496000,0,2,2,4
4850752,142684160,302022690,0,0,3,10
150995744,1086324804,2147503120,0,1,3,0
3221295360,268469761,158,0,2,3,23
1627389986,2181300744,4325445,0,0,4,19
1575200,369164304,2147489282,0,1,4,0
4230176,67125386,1075323136,0,2,4,0
532613,1343260672,33572608,0,0,0,15
17088768,169345032,603982864,0,1,0,0
576192512,335544962,136511504,0,2,0,6
2415939585,2097512,1074989056,0,0,1,30
675283984,337649696,18223104,0,1,1,21
136317960,301990112,620793856,0,2,1,0
69241856,5242984,1610883076,0,0,2,0
151032064,2225078336,1197057,0,1,2,0
67162113,404750600,3762291712,0,2,2,0
21504016,197638,268454176,0,0,3,10
54591744,136445992,2214625410,0,1,3,0
2149716992,8399168,319094784,0,2,3,5
1074790450,201457921,2148010116,0,0,4,54
1635778562,2214871041,402653840,0,1,4,4
8454440,151011334,1074270288,0,2,4,0
18087946,71307424,1746993152,0,0,0,11
278142976,67633226,1109397760,0,1,0,26
854020,1090568448,301990960,0,2,0,0
603980432,2147778817,19021856,0,0,1,13
18939916,541065440,469811200,0,1,1,0
1209008257,302514210,79761408,0,2,1,15
1074025472,35782786,2214594632,0,0,2,51
2147532865,8786432,876609792,0,1,2,15
549470224,67244104,151322752,0,2,2,5
54591504,279052416,671352836,0,0,3,0
17041537,271622144,1174470688,0,1,3,0
17311745,34866192,335675650,0,2,3,14
8786944,604078592,1048621,0,0,4,0
536895553,80740354,186646532,0,1,4,41
1318977,83886616,281051264,0,2,4,25
545308674,67246208,3221487696,0,0,0,0
1082212864,2214602784,577241088,0,1,0,0
3254780960,269025345,17046016,0,2,0,8
1097776,1208025352,38285312,0,0,1,21
2689081344,50348672,268698882,0,1,1,41
2148073481,142737426,1916796928,0,2,1,2
4326433,151003216,2684354574,0,0,2,0
1166,269510656,545915392,0,1,2,0
67633290,570429536,285344001,0,2,2,0
2148925441,1082130530,67674120,0,0,3,26
33587777,69222434,1342308364,0,1,3,0
1090519140,573046786,393752,0,2,3,29
403177736,132704,1132724224,0,0,4,20
1140858890,402948097,4266112,0,1,4,13
8393796,67240705,571998210,0,2,4,24
6947328,1610711104,59768864,0,0,0,0
4325644,8692736,19925504,0,1,0,0
33555656,524850,13633792,0,2,0,15
4292880,117449216,539230337,0,0,1,0
668672,402686112,545538049,0,1,1,10
6291650,100696321,525872,0,2,1,4
1208484128,14681096,537135121,0,0,2,33
71639040,2282227714,36905,0,1,2,0
621019140,134414608,4211209,0,2,2,9
1111818240,14594,672153616,0,0,3,4
268510210,1083179552,587235456,0,1,3,14
11796544,2151696388,37664,0,2,3,21
807534624,9961792,67115144,0,0,4,53
4468738,1090535560,135364609,0,1,4,0
70254880,813729792,2147483795,0,2,4,0
1212425,2248164352,1612974080,0,0,0,15
1078470656,404751392,49537,0,1,0,26
71309320,16851984,2113571,0,2,0,0
1116165,538968624,2148147456,0,0,1,0
5251616,3355443224,8945732,0,1,1,0
142619648,2148534292,2261505,0,2,1,26
273678346,8787968,218136580,0,0,2,40
163578880,2248832,1610620945,0,1,2,0
2328576,537137282,29384704,0,2,2,0
289472768,33718292,1208500256,0,0,3,12
134228256,537935884,2157969474,0,1,3,15
4423808,1157628992,3411984,0,2,3,0
603992320,1107364352,2156134544,0,0,4,25
17826053,2218789888,539242496,0,1,4,10
557851648,2281967648,268567172,0,2,4,21
1075990528,34866240,71860352,0,0,0,26
17042944,2147614748,273760256,0,1,0,0
16781904,76023812,268443913,0,2,0,28
570425386,69535744,2148541568,0,0,1,13
403710080,2752521,12616000,0,1,1,52
17072200,1073873169,679494144,0,2,1,4
2686459968,1208352776,285771776,0,0,2,7
8389736,606208004,1090304,0,1,2,0
270540865,21234696,2684355202,0,2,2,28
16941076,7409664,276824610,0,0,3,3
311432,8456228,69207043,0,1,3,0
69339140,4210762,25264129,0,2,3,20
35717408,5767180,889194496,0,0,4,0
2363656,3493856256,167837792,0,1,4,0
537004128,71831808,1344356352,0,2,4,11
1077936336,134284297,29440,0,0,0,30
2718040320,270535296,5767240,0,1,0,23
1084268544,168821792,268439628,0,2,0,32
99352,3258974464,153223170,0,0,1,0
536878144,4849952,69239304,0,1,1,36
3925868544,269090834,4265024,0,2,1,64
67305490,3238011136,4722817,0,0,2,17
469860352,2147763201,541069442,0,1,2,5
1342178440,2375728,17956930,0,2,2,22
2492424,16826373,4719296,0,0,3,4
16908452,134308096,1150812160,0,1,3,0
2151710744,2371588,33555234,0,2,3,12
671090708,1084375040,2164265536,0,0,4,28
1073776657,2684363778,52756480,0,1,4,4
26218624,1140853256,167936002,0,2,4,0
1344307456,8527912,5259394,0,0,0,17
2281701936,1611669512,8917122,0,1,0,17
1073844288,144703494,268829440,0,2,0,25
37782020,2290094088,19136672,0,0,1,0
1074790498,38274304,620757508,0,1,1,4
285278288,67117952,4489221,0,2,1,13
2360896,4767752,1107306528,0,0,2,24
16777892,33692672,142671889,0,1,2,0
2151942146,1108475936,16781836,0,2,2,5
2251292672,21119232,790593,0,0,3,68
277889056,67241989,1111523330,0,1,3,21
557842576,2147542016,101318720,0,2,3,5
285478914,545259541,1107305536,0,0,4,0
2483421184,557842624,1109398528,0,1,4,31
3255042304,285212713,5243410,0,2,4,10
136349704,574689280,263220,0,0,0,11
1079296,65889,6292504,0,1,0,0
2147746116,16909472,373309440,0,2,0,16
269752320,67633426,16924768,0,0,1,82
42471488,270535712,620757136,0,1,1,32
17039628,138483712,1879080962,0,2,1,0
67306016,51413056,1075839002,0,0,2,17
1075843168,272665600,2181300368,0,1,2,13
2294284289,570425634,1076756480,0,2,2,21
302252545,27279376,3221226626,0,0,3,0
167870528,269631489,2157969672,0,1,3,0
396544,2155872396,201331264,0,2,3,15
69208073,1358956032,33759488,0,0,4,17
536891410,269025800,172099584,0,1,4,26
1447936,2692743936,1109475328,0,2,4,0
2181054624,545595392,18876676,0,0,0,18
555753474,33853456,68223233,0,1,0,34
2168463424,270534674,8979968,0,2,0,34
8486921,18620416,2820669504,0,0,1,0
27557888,67121472,806551552,0,1,1,3
553844768,6820352,3221241988,0,2,1,0
33833032,2147521568,32505856,0,0,2,34
269518080,1075838998,67111009,0,1,2,33
805326864,134447112,101187776,0,2,2,37
19923074,34111536,2155873292,0,0,3,0
268836928,134250776,101777410,0,1,3,49
8660480,540018944,168333312,0,2,3,3
68420864,555778052,134225970,0,0,4,0
1310988,134255744,67176962,0,1,4,42
570441734,73662472,2164393024,0,2,4,5
806879240,1111622656,2155872518,0,0,0,36
25231394,1375732744,67649616,0,1,0,0
2284863488,537004066,1082721280,0,2,0,25
791296,17834116,2424340482,0,0,1,0
142631936,2183266306,796,0,1,1,11
268436553,75499650,3255042052,0,2,1,0
1082175488,287310081,68225536,0,0,2,29
3357542400,67182721,13108288,0,1,2,46
803330,3288375296,51445824,0,2,2,0
25362464,134225948,67424256,0,0,3,0
2147493912,71303810,491552,0,1,3,31
138413074,268567052,1627390112,0,2,3,0
54526336,68223044,2147795968,0,0,4,0
545312768,1049353,2298609666,0,1,4,0
2155880964,33558802,809582592,0,2,4,4
537157760,12616705,84019712,0,0,0,36
541081666,50594817,1074332168,0,1,0,0
138674944,69732356,1090520129,0,2,0,0
1141901344,2149581008,83458,0,0,1,18
50350208,135036932,1142948354,0,1,1,0
607191040,268968072,1082132560,0,2,1,30
9480192,2147762704,337645696,0,0,2,11
1141379073,2151743872,3145770,0,1,2,5
397856,2216689924,805405696,0,2,2,7
33563201,3775135744,147325056,0,0,3,0
33849602,1275134080,272630832,0,1,3,0
9441297,17039938,2131104,0,2,3,10
76284160,285214216,5439520,0,0,4,13
3490775040,76022018,675315744,0,1,4,60
806879264,33687557,67149890,0,2,4,78
36700196,84443137,2156011522,0,0,0,24
2147551268,603987971,58721536,0,1,0,25
1090521218,8913217,136404992,0,2,0,2
679480320,41091,786484,0,0,1,34
2168455185,2671104,142870530,0,1,1,20
37748786,19171328,8914440,0,2,1,18
25329696,571474496,2483093506,0,0,2,0
3225452576,35144704,270361,0,1,2,24
235044864,18724,286265408,0,2,2,13
1108410400,272635920,86017024,0,0,3,21
570466305,266408,2432761858,0,1,3,4
49667,1207963728,563085320,0,2,3,0
41106,1220542496,570689537,0,0,4,8
134743076,1109655680,21037080,0,1,4,31
369623168,1180196,136577041,0,2,4,2
543163424,1107312897,143720464,0,0,0,17
8396825,268506368,1076396034,0,1,0,0
2148012290,67313696,1098907668,0,2,0,5
2150629904,17080384,1078067329,0,0,1,21
2283798593,1175519232,541067312,0,1,1,19
612376578,271876096,2152218628,0,2,1,20
2149580841,1078069312,278135808,0,0,2,6
3493855744,41250,70533120,0,1,2,10
1581121,201658368,2147616384,0,2,2,35
1074528273,25166466,2149629960,0,0,3,7
268961028,67125298,672137288,0,1,3,19
68294656,1509949456,27525122,0,2,3,0
167907392,8462466,2149597472,0,0,4,14
2473984,205520976,2147615241,0,1,4,0
295171,134810112,276836416,0,2,4,0
1076363522,50429953,134366224,0,0,0,15
75628609,2734948352,6357124,0,1,0,14
1074069514,60817409,469762096,0,2,0,13
4358784,269551680,540709,0,0,1,0
269505536,587203076,12648496,0,1,1,0
135332128,105512960,2166364160,0,2,1,0
2684633216,84017665,272631048,0,0,2,29
25231426,939530240,557081,0,1,2,0
2637904,268472356,2148532361,0,2,2,14
352591872,46203392,2282750032,0,0,3,28
144711688,2685403172,84165632,0,1,3,0
672137376,2164342792,34087170,0,2,3,54
33849410,537010464,8454296,0,0,4,22
302516288,151035905,1083180544,0,1,4,11
34635824,276828225,83968002,0,2,4,0
21037344,134348869,268718082,0,0,0,0
33587226,537989152,1140853824,0,1,0,0
201330754,9044128,1092096,0,2,0,0
34086932,12714120,738232320,0,0,1,28
553657088,2152726538,67338244,0,1,1,14
2147508248,105907200,2494496,0,2,1,2
134367264,1075322888,104857605,0,0,2,13
35684482,2684895248,1140981856,0,1,2,0
34275332,12607616,3087008000,0,2,2,0
202638336,536969249,131732,0,0,3,14
131228,2432778240,704647200,0,1,3,0
1145126912,268705857,536871078,0,2,3,4
100671632,1118468,27264008,0,0,4,46
541335568,530435,100729408,0,1,4,36
272646209,143851520,1157660928,0,2,4,16
603980872,83986,3221488000,0,0,0,0
167838721,268466176,5374210,0,1,0,0
68222979,8405068,2149613728,0,2,0,0
1073742417,17892356,270696456,0,0,1,19
2214889472,1107828800,27263012,0,1,1,6
543199232,2155874564,1208500736,0,2,1,0
1879310592,35782728,21499936,0,0,2,43
687867920,3229622280,268534273,0,1,2,7
270534690,537068560,42209344,0,2,2,0
167776386,270565889,8397128,0,0,3,11
134266945,541201408,1076371488,0,1,3,11
2818572312,82592,352322624,0,2,3,9
9504000,67250688,591659008,0,0,4,18
1075838989,553654400,168427536,0,1,4,30
1611669760,302121985,2290614784,0,2,4,44
1677852800,2147754272,269487105,0,0,0,25
2495488,1130501,2819096578,0,1,0,0
157319168,75515936,34083844,0,2,0,15
270663683,2147762944,68682768,0,0,1,12
1476428032,2189426693,6031360,0,1,1,21
1124220928,7344129,2222981312,0,2,1,16
1089554,205538304,538968416,0,0,2,25
272892096,2281706016,35749889,0,1,2,2
570426120,159385632,2147598464,0,2,2,0
296704,16789538,2348810308,0,0,3,37
206849,2129958,4982272,0,1,3,15
671880,21045504,2214594594,0,2,3,0
83888176,134366272,2147582468,0,0,4,17
2147794960,134352901,638583296,0,1,4,23
76548128,537067532,4207744,0,2,4,10
872464384,68626,17826337,0,0,0,38
2148540421,1107345472,536871314,0,1,0,2
8732,146833440,873463936,0,2,0,0
1049796,413143040,1074332161,0,0,1,0
67511296,2113676,9439489,0,1,1,21
671293440,277611520,3221258372,0,2,1,0
22036481,100794912,270536834,0,0,2,11
152076289,8409136,2181112320,0,1,2,19
4194860,69341185,3222275328,0,2,2,0
33688640,536895491,150995248,0,0,3,21
67895936,536903761,1214255104,0,1,3,0
1073811536,805340416,9043977,0,2,3,4
33820705,2156003856,269492292,0,0,4,0
1048771,59310080,537007360,0,1,4,31
173015552,295698433,2147747908,0,2,4,0
541590018,1142964228,411041857,0,0,0,0
605044864,2281767488,268468274,0,1,0,11
110100544,16814086,8993,0,2,0,32
570688528,1073754148,23593088,0,0,1,4
537792512,2147500448,272629773,0,1,1,0
536877824,155665,2156167232,0,2,1,0
541077760,318768136,8437840,0,0,2,15
10502168,925952,4197410,0,1,2,0
2160361472,16917505,1074791048,0,2,2,20
310511616,67174960,2153808000,0,0,3,11
75522112,2164328456,1111494912,0,1,3,13
2701230080,1275199504,278921281,0,2,3,18
4850944,352323600,2101770,0,0,4,0
524996,2198077472,271582464,0,1,4,3
1078071424,2150631425,184549444,0,2,4,0
2149851264,35876,138543680,0,0,0,34
2150109312,42246144,4212000,0,1,0,36
537920012,335634432,18908162,0,2,0,26
4278276,33426,814743560,0,0,1,0
2158002192,598400,139591682,0,1,1,9
44040210,134496516,604512768,0,2,1,14
1075840040,67170304,13107472,0,0,2,12
277184512,2631168,2214596737,0,1,2,29
75776016,3221228036,271155200,0,2,2,0
539099208,67388448,1078462976,0,0,3,0
1107363841,272634882,2147533072,0,1,3,2
268959769,24133632,2147490820,0,2,3,4
2181236736,84939776,268697874,0,0,4,5
12583298,3162192,3221233676,0,1,4,0
41967744,4232208,65581,0,2,4,0
572524548,1094750208,268566913,0,0,0,0
1682964480,16795200,237696,0,1,0,56
1051040,2552233986,16957456,0,2,0,0
794633,2160066848,168825344,0,0,1,11
1107296325,538189952,2298481664,0,1,1,5
1157761024,4980741,3215368,0,2,1,18
874512400,16778436,5316640,0,0,2,41
1076102160,355,34803712,0,1,2,9
33620624,268965889,2282750020,0,2,2,0
3774873728,66657,269504528,0,0,3,60
2425372672,21004384,67183624,0,1,3,31
180233,33625104,71305376,0,2,3,0
6326280,1124204800,336609281,0,0,4,0
4245632,70212,338952192,0,1,4,0
541065229,353374208,2147550466,0,2,4,23
9457668,301990304,1075839512,0,0,0,10
402673680,1073783840,17301698,0,1,0,0
1226838016,794648,310394884,0,2,0,22
671123464,2156528640,4223488,0,0,1,11
1207967874,10682384,289407552,0,1,1,15
3254788098,9453577,6816784,0,2,1,29
18056,268996624,2155872608,0,0,2,0
134222048,2684944400,8422920,0,1,2,15
1074790407,83888208,134747648,0,2,2,36
301991984,1589824,1207963784,0,0,3,2
136317057,269058050,1073743432,0,1,3,0
525122,273055744,68157496,0,2,3,13
2148597892,109086720,1346764800,0,0,4,22
310510592,6848514,3289382928,0,1,4,0
3221258308,8914304,88147968,0,2,4,35
2214592585,273727488,537461250,0,0,0,51
1367408640,537149760,2148008070,0,1,0,13
2110528,2148548896,143132800,0,2,0,0
1074561152,2734686720,68222985,0,0,1,0
153124866,1611203072,1065072,0,1,1,7
4196545,413952,2629644,0,2,1,14
2150137864,1879179266,79692864,0,0,2,7
134230148,4719200,58785794,0,1,2,11
6324740,335560752,1209008138,0,2,2,0
2291138816,537460816,1074012194,0,0,3,45
1141147648,51380744,532644,0,1,3,19
1107394568,2147508752,203554944,0,2,3,0
1140982274,9380,687882241,0,0,4,5
2181058564,4456610,77070352,0,1,4,12
136347778,2692761600,1107301120,0,2,4,0
205531136,1082625,570429508,0,0,0,36
3670592,41963776,1073809413,0,1,0,0
1448,1074434048,69288448,0,2,0,0
3221553154,536908040,43008001,0,0,1,16
42106896,1311812,289407136,0,1,1,4
269484046,545262112,2185297921,0,2,1,0
270533056,67145740,3758098433,0,0,2,11
271581824,2717917192,1207959814,0,1,2,0
2688843776,1073744003,150999560,0,2,2,21
37040,466945,1233125380,0,0,3,38
151035920,8913476,2153777160,0,1,3,0
4718851,18874960,3221495816,0,2,3,0
2281706500,12583073,604504130,0,0,4,33
138430528,8552712,1610690560,0,1,4,0
549453834,1358954529,41156,0,2,4,0
30724,272695810,545390864,0,0,0,11
537134100,276861184,134236232,0,1,0,11
136319009,268454024,664128,0,2,0,0
1075839745,8402952,436207650,0,0,1,8
3289907200,18890944,33822722,0,1,1,71
1057320,1074070592,557875328,0,2,1,11
26218624,1879048264,33595395,0,0,2,0
272770048,75597824,50331670,0,1,2,19
274727488,2148008336,1644445696,0,2,2,0
553976064,137226,3632267264,0,0,3,0
279232,1076887569,671612934,0,1,3,22
67149841,35127308,18877184,0,2,3,25
270549505,604045576,2151690256,0,0,4,0
42991873,2147615810,404750856,0,1,4,0
1342318592,2150432768,16811018,0,2,4,6
537460866,8520976,2149580844,0,0,0,2
140513282,134156,8651041,0,1,0,28
2156399104,1610940544,67142721,0,2,0,13
117442562,944766976,1073905681,0,0,1,0
1079050304,8391809,671613192,0,1,1,42
3147788,575144960,1090789440,0,2,1,0
3225452545,537397888,84942852,0,0,2,41
67636226,2176843780,537006600,0,1,2,0
268959786,1392896,8526336,0,2,2,5
1094717696,436207656,9446016,0,0,3,25
2624768,285409282,3363848192,0,1,3,4
868356,16786450,1344405760,0,2,3,0
287248,83886094,1610614817,0,0,4,0
102760454,8438792,134744832,0,1,4,4
2298478976,1073744944,67371081,0,2,4,4
1073759368,108800,138412577,0,0,0,5
266278,402800641,538976528,0,1,0,0
270537736,573474,1224737152,0,2,0,13
139460740,604014656,8398368,0,0,1,0
2261760,1078003744,2433748992,0,1,1,0
2155937840,149509,420479104,0,2,1,5
151388162,1142980736,42999812,0,0,2,15
38528,50856196,2147893280,0,1,2,0
68158209,2654228,151003208,0,2,2,14
4196737,277151748,1073775122,0,0,3,4
26738752,2415919622,71307521,0,1,3,3
69338240,42467400,1074004514,0,2,3,13
1141063680,16786304,2158493700,0,0,4,13
67510400,44040456,536878096,0,1,4,14
1082263553,5224,541147152,0,2,4,7
33949824,1082134624,2167406593,0,0,0,4
2147496480,42090624,134480138,0,1,0,58
5245448,2687107072,83886213,0,2,0,0
532676,5390352,142608128,0,0,1,0
67506184,1574945,33602,0,1,1,24
1275072520,2149844480,314703872,0,2,1,20
2230344,1116209154,687865988,0,0,2,11
18728,1074663424,167772229,0,1,2,0
1179914,50593840,2147497988,0,2,2,18
2113562,2231369764,5017600,0,0,3,0
8716545,3825213440,38797832,0,1,3,0
67387460,12619808,50333968,0,2,3,25
5804032,75628561,2097380,0,0,4,0
37749769,270665856,294996,0,1,4,0
1342181441,2306867216,100672128,0,2,4,24
16779526,536879633,9502792,0,0,0,0
1074037376,2453668864,606077185,0,1,0,0
537921545,1075904608,406864128,0,2,0,0
293863428,140509201,2181042242,0,0,1,12
524968,234881090,395284,0,1,1,10
2155937984,437264384,135472,0,2,1,7
1107330560,270729217,554958864,0,0,2,13
537198736,270532646,1082786304,0,1,2,4
1049350,281149456,33555560,0,2,2,0
1610641408,136446032,302254112,0,0,3,71
67109145,805326976,144711712,0,1,3,0
71303686,2166882368,704651272,0,2,3,0
4784272,1050370,268593152,0,0,4,8
2670848,16842960,608176136,0,1,4,0
146817040,1629487136,68157451,0,2,4,21
35010,806363168,142868504,0,0,0,24
35782788,2684356112,142628864,0,1,0,0
2752774144,2623497,33759488,0,2,0,64
1090814080,134349074,2164225,0,0,1,27
545784321,134222210,5513248,0,1,1,6
537268232,2283831300,71311904,0,2,1,0
2099368,2692874304,273163264,0,0,2,0
19939392,276824609,2148008984,0,1,2,24
4296712,134242321,604111424,0,2,2,0
570490914,8536584,136319360,0,0,3,2
1073744417,2098564,2693013504,0,1,3,8
662016,3221488896,17834176,0,2,3,0
525608,1207965824,12984320,0,0,4,31
536885280,151520512,102760514,0,1,4,33
604110865,15364,51118082,0,2,4,30
2420113442,587237376,134504456,0,0,0,41
8916995,2281701524,3146280,0,1,0,0
268502276,827393,2685534240,0,2,0,0
1610629132,50399296,2232848,0,0,1,21
151060546,2684354960,336871424,0,1,1,0
2717908995,338432,419955712,0,2,1,27
2164865,201606144,4227124,0,0,2,7
39847952,285737474,2214593572,0,1,2,0
83886601,35660096,3758096418,0,2,2,0
19417088,268706817,574619696,0,0,3,0
2148335648,167954,571474948,0,1,3,16
536904721,38339072,2232434688,0,2,3,13
2688876544,134252048,1060929,0,0,4,30
2156396561,1091567712,408961024,0,1,4,6
268698180,2317484032,1074302977,0,2,4,2
536907812,155206144,1115947072,0,0,0,6
16909346,3424257,9013248,0,1,0,3
525842,570441764,335880192,0,2,0,0
608176192,1224876032,2150106120,0,0,1,17
83890436,8585408,313345,0,1,1,34
1073750548,60817472,560129,0,2,1,2
1107394592,16918784,262348,0,0,2,23
1677770752,2147493906,2166824,0,1,2,56
3671104,33718312,545521936,0,2,2,33
1082130978,68550784,805318912,0,0,3,5
268730380,1075840160,2290225152,0,1,3,0
268644352,2148008067,536904744,0,2,3,21
402653600,102895616,16829440,0,0,4,39
8389254,407011328,68158473,0,1,4,0
638844928,2140162,1090650496,0,2,4,27
2244868,1091076128,8389784,0,0,0,3
675283264,2147631152,8660996,0,1,0,11
20872,17368128,8391202,0,2,0,13
135659528,268517892,1132494848,0,0,1,11
671089296,5312520,52429058,0,1,1,23
2147615761,335806600,537477184,0,2,1,4
1050384,75782,10752064,0,0,2,15
1275078656,38273104,539164676,0,1,2,17
12648720,163914,1610613765,0,2,2,0
558366722,276496,68386816,0,0,3,6
1191182592,7864352,8423553,0,1,3,32
268469024,27329536,67113106,0,2,3,2
268468276,3342848,3254784001,0,0,4,18
69287944,671088774,9700096,0,1,4,0
553672736,268438160,1213202440,0,2,4,2
687867905,33558676,338427904,0,0,0,21
134748416,3221233824,6423553,0,1,0,10
70017,3226469376,343932994,0,2,0,0
404750480,1125646336,4203013,0,0,1,22
176553984,602176,337690624,0,1,1,18
3222276608,16859139,925824,0,2,1,32
17957440,2718171144,1074331684,0,0,2,14
1074790498,536906112,4334596,0,1,2,27
286277760,168037376,2150138112,0,2,2,24
2098576,133642,38813697,0,0,3,10
2147747076,1107308545,409075712,0,1,3,11
33763328,81788960,1091043346,0,2,3,15
2286026880,536938048,1074300930,0,0,4,4
2684357152,34095361,2130072,0,1,4,39
134222086,80216576,3222275200,0,2,4,21
134240512,2718171200,67248672,0,0,0,25
42207240,155713,16814116,0,1,0,14
269496352,592388,2223243328,0,2,0,15
2148147201,282083328,100696088,0,0,1,6
69207112,1611268100,2189426691,0,1,1,0
134217908,5808128,33620296,0,2,1,15
1376780352,4516,2172780560,0,0,2,48
536936609,25178116,68160008,0,1,2,49
6422562,2181566465,75530308,0,2,2,0
604307460,9872,6324290,0,0,3,2
37749004,536942594,3146785,0,1,3,0
33701894,68157713,2151744640,0,2,3,0
603984388,2415920224,21497864,0,0,4,21
9437236,302056704,537043456,0,1,4,31
9830464,2152218632,67207201,0,2,4,11
276833408,1075839045,2147799040,0,0,0,21
16804864,2694905856,369360900,0,1,0,0
151011333,37882880,8389416,0,2,0,0
2147618833,25165992,1681916928,0,0,1,15
1074794544,204992,2491678720,0,1,1,0
2147615312,270794792,688391168,0,2,1,4
136974336,272697472,76546051,0,0,2,21
286261284,67306512,2692743304,0,1,2,17
52690946,67134480,537527040,0,2,2,0
805437520,270632,3296727040,0,0,3,0
1090545664,603981088,1310853,0,1,3,13
67666016,2148606080,169870352,0,2,3,0
1107821570,201334820,12747008,0,0,4,12
537149728,151004161,67703296,0,1,4,25
69224456,570429632,1074135808,0,2,4,0
138413570,9179200,1073954817,0,0,0,0
268488712,75499568,541196545,0,1,0,6
2231910400,6553864,2708,0,2,0,40
2244641,2986344704,338432,0,0,1,0
163985,337903618,1053256,0,1,1,0
69226560,272695332,1074268674,0,2,1,11
402665480,3767009280,70287488,0,0,2,11
8393768,17041600,100679938,0,1,2,10
1074790444,287342594,2147552384,0,2,2,2
688128032,1086851072,2179648,0,0,3,14
4391432,34078820,76562434,0,1,3,0
538050848,10511360,4692,0,2,3,6
3222279168,939524609,589988,0,0,4,26
571476000,144770048,4472856,0,1,4,30
1073751568,1147010,268328,0,2,4,34
404815874,1090552336,12584001,0,0,0,14
35786880,2164809728,1209010240,0,1,0,0
268959905,142696448,1612709956,0,2,0,0
364560,1212154624,2149605377,0,0,1,0
134447108,1342181442,105382912,0,1,1,0
1082148880,67440896,553681409,0,2,1,5
1350567940,4434,137502720,0,0,2,18
536937520,440402048,1141113345,0,1,2,27
1346371618,554172936,53265,0,2,2,25
1082655776,33817160,2149603328,0,0,3,20
605061184,2147488808,1078002180,0,1,3,14
1615859712,557140,2432705536,0,2,3,9
167780361,1140883744,2150123520,0,0,4,39
1083441664,403181576,2146576,0,1,4,29
1074923528,42206336,203427842,0,2,4,47
117702658,8405537,135504,0,0,0,38
536892418,109183008,2164785169,0,1,0,0
8487428,2152206400,1275331584,0,2,0,0
268534528,100925464,2690662400,0,0,1,0
134225927,543163136,574480,0,1,1,11
67698721,543293442,33559696,0,2,1,0
606077953,134251076,22609920,0,0,2,2
2181047298,285229376,604115072,0,1,2,15
1207976128,343932931,539109376,0,2,2,17
659840,75792388,2147484241,0,0,3,24
100667680,141557764,2684453888,0,1,3,0
1051684,1082134785,285294594,0,2,3,0
5666,2693021696,1074923528,0,0,4,13
3372222464,276844672,4751400,0,1,4,9
3145928,268574980,269313,0,2,4,24
331779,1342349312,160432132,0,0,0,0
1207960384,67108910,281280528,0,1,0,57
1098244,2215117832,557842465,0,2,0,0
1084227841,135824384,67502152,0,0,1,40
34349312,2103308,1073889346,0,1,1,15
2149056532,134680576,100666112,0,2,1,12
8429760,71319561,805307440,0,0,2,29
1074827328,76030208,21102722,0,1,2,50
543488,6291656,3758096417,0,2,2,0
3288600576,671096868,34144328,0,0,3,45
8400944,2450522113,4244096,0,1,3,0
2148810754,173120,34079364,0,2,3,26
2215133200,293601290,34865188,0,0,4,26
42532992,2166505472,939524161,0,1,4,0
2718433288,1074856194,83891264,0,2,4,18
1090521128,168043008,33094,0,0,0,16
1050160,538688,629178368,0,1,0,0
1082269952,16809991,542800,0,2,0,24
537004098,12652800,169870464,0,0,1,2
10489936,2147483820,671384064,0,1,1,10
84672640,1610612792,5342208,0,2,1,0
142615556,34081536,3227516944,0,0,2,15
273410,17092,270012672,0,1,2,4
4524544,545390612,1060874,0,2,2,0
335683585,50860544,4276292,0,0,3,36
1080033290,2416246816,151003776,0,1,3,0
2149056896,604258312,1090586688,0,2,3,44
1073939472,285212742,142870560,0,0,4,12
610312,85983280,2160067074,0,1,4,0
135554,537141281,21020736,0,2,4,0
50340224,1074069507,276824152,0,0,0,0
272105600,134230022,536939552,0,1,0,5
2162964,50495616,67113538,0,2,0,4
69744,33557761,1095237760,0,0,1,10
76939264,33636358,2166362144,0,1,1,10
1141145601,272762884,17827360,0,2,1,13
6299713,537462912,167772422,0,0,2,11
43255808,21110912,537399316,0,1,2,11
159383555,1342187584,35651972,0,2,2,0
1493237760,165504,67387412,0,0,3,8
2415960096,23068696,34083904,0,1,3,35
5513248,151017472,67207688,0,2,3,26
272760968,42471680,134268992,0,0,4,16
16778116,269746256,8546304,0,1,4,0
1375866880,17860609,604061698,0,2,4,4
2685403204,918017,6418,0,0,0,57
1073940484,537407744,2197815336,0,1,0,0
973094912,67142785,1075314760,0,2,0,35
1610629216,71305984,17072138,0,0,1,41
1073922064,21241857,167772452,0,1,1,6
134742023,537198640,2168465408,0,2,1,0
1054880,41967624,1073807634,0,0,2,13
3493855236,606256,44044544,0,1,2,16
537014273,86016256,2149072900,0,2,2,2
4243744,536939648,3670529,0,0,3,0
1182721,49700,1551892480,0,1,3,0
2214662400,33589265,1348468800,0,2,3,43
3767009280,33826824,269631504,0,0,4,30
16911376,142639872,71573512,0,1,4,4
105127936,1216483328,33848,0,2,4,4
807403525,1142423584,46268544,0,0,0,23
134283348,4196514,1091309568,0,1,0,14
184549424,206850,603983940,0,2,0,0
310394888,16782850,1073807621,0,0,1,12
8425544,2433761280,1073881217,0,1,1,0
84021280,168329218,2148548613,0,2,1,10
269500960,2151941248,16877569,0,0,2,16
268970048,5374992,2684617344,0,1,2,14
268969024,2100000,1610645509,0,2,2,11
65986,420487168,1082655748,0,0,3,0
1082523664,268476546,83264,0,1,3,6
171975168,337658880,2147483675,0,2,3,0
2149187712,146802696,1074069824,0,0,4,32
593024,2422214656,671105029,0,1,4,0
1109393426,2168463424,134545696,0,2,4,4
67273732,1619001601,136382976,0,0,0,0
335609904,2158624768,16793800,0,1,0,10
1375764544,92274736,5443584,0,2,0,35
37748874,1076133952,25233409,0,0,1,4
525505,269492258,4231180,0,1,1,21
16781712,1209008193,33653762,0,2,1,0
336201728,143720450,37765188,0,0,2,27
212074496,2151678512,559368,0,1,2,0
263329,805961732,2348812352,0,2,2,0
1143078914,813711616,600068,0,0,3,6
1677729793,17106952,4329730,0,1,3,49
88080401,3087532032,157952,0,2,3,0
2103616,142606358,302645376,0,0,4,0
38145,268443692,143196288,0,1,4,0
1078034448,788552,572522499,0,2,4,5
67122240,17039386,135299585,0,0,0,56
2228996,8396912,22022152,0,1,0,0
940048386,68157544,2100244,0,2,0,41
270668032,2147500060,5799968,0,0,1,36
25301504,135004177,1077936390,0,1,1,3
2684363012,29393920,3211273,0,2,1,4
2154300416,402702338,1057092,0,0,2,13
262706,606080000,134221957,0,1,2,0
272900100,554189312,2181040416,0,2,2,0
268439056,202391553,1612841088,0,0,3,20
176357376,3758112832,272663042,0,1,3,3
553672705,273187072,2147942404,0,2,3,5
2432698400,34087680,205520961,0,0,4,39
268517444,2181074960,4457601,0,1,4,21
83890944,35651626,9699520,0,2,4,0
3221250560,293863426,35684376,0,0,0,31
33685556,3087269888,75522112,0,1,0,0
570950660,86052864,268566864,0,2,0,5
606337,135528736,50341892,0,0,1,0
2163808,33558539,3221226244,0,1,1,11
41945105,2214600744,1090617346,0,2,1,0
2153776130,276889888,68158088,0,0,2,16
34734596,18891010,872677408,0,1,2,0
262456,579338244,18006016,0,2,2,0
25166000,33625089,2348941824,0,0,3,0
34603146,3221292048,17211392,0,1,3,7
270549264,34084928,537133578,0,2,3,6
1073745993,270532660,176439296,0,0,4,22
34604049,142647552,1610613288,0,1,4,0
579862592,1074168320,16777388,0,2,4,18
3221239808,338165764,138412554,0,0,0,65
939528208,1086324896,2149629954,0,1,0,13
1308622976,268964353,288770,0,2,0,12
101195792,16847040,5243914,0,0,1,41
136855556,25165874,1711276096,0,1,1,0
2348941320,1073809442,283639808,0,2,1,15
273547264,2147489288,169934849,0,0,2,34
536875274,33555537,393888,0,1,2,6
1082393632,234881288,237570,0,2,2,23
1052742,2147746072,16891905,0,0,3,30
536971776,268439571,77987840,0,1,3,18
1151598592,33562928,1574977,0,2,3,6
402655272,25744,109052164,0,0,4,47
13631494,270536744,620822784,0,1,4,0
33718292,67125890,287313921,0,2,4,10
2155880465,21626882,101716480,0,0,0,55
18088072,740295680,12621824,0,1,0,0
1073873218,21053568,402655272,0,2,0,32
1196672,29360400,2148009990,0,0,1,0
671219748,3489693760,34603019,0,1,1,0
12847108,2181070978,83890185,0,2,1,0
29364736,101875712,537149476,0,0,2,0
2152742944,67117189,134222146,0,1,2,34
168820808,4983808,2164392576,0,2,2,14
656389,276824768,2164293890,0,0,3,0
1107312769,142835712,538972676,0,1,3,4
13651968,167969280,17311872,0,2,3,0
2449490944,1091043648,8454275,0,0,4,27
1050117,12910600,539131968,0,1,4,11
2699264,68551680,1207959571,0,2,4,0
2181824544,2117656,939557376,0,0,0,21
6307846,2164264984,303296,0,1,0,0
524318,3223363584,8782912,0,2,0,0
536937344,136740864,75513880,0,0,1,2
587207680,4194837,2215643392,0,1,1,30
2672640,218108416,41951328,0,2,1,0
16853248,2148044802,536887937,0,0,2,21
1180705,1619003520,2163212,0,1,2,0
335676032,2181562408,3426304,0,2,2,0
16777287,671383680,2416451600,0,0,3,0
268546,1112547328,2155970576,0,1,3,4
2147748866,1216348165,537075840,0,2,3,6
139591682,67113540,271122433,0,0,4,21
2155938049,306185280,1092747392,0,1,4,6
201589252,2164269328,1112014976,0,2,4,0
306184212,29248,679739394,0,0,0,6
1073746128,268444163,100794380,0,1,0,25
2156138752,67190880,151128192,0,2,0,32
167772678,1360005120,541114376,0,0,1,0
1075839266,5406724,134232072,0,1,1,40
67245312,1361051650,537141272,0,2,1,0
268436816,1107832832,13666304,0,0,2,0
2147756064,839385090,98640,0,1,2,4
142737413,2362370,805326912,0,2,2,0
71567361,150995000,807534720,0,0,3,10
4327168,2751463556,142606386,0,1,3,3
1073815744,8782849,137364224,0,2,3,41
16821248,2684616968,540722,0,0,4,0
67634179,306184480,2147877440,0,1,4,0
4345857,1352728576,134258694,0,2,4,0
2150105097,25167938,1074922500,0,0,0,5
8470664,1073746241,2952790022,0,1,0,0
36962308,537460866,12609536,0,2,0,4
69341312,2181137408,134242820,0,0,1,3
16778912,655619,2147522576,0,1,1,0
318767169,1076133920,72483328,0,2,1,10
17235984,413138948,67145738,0,0,2,24
4262272,3229614656,335577128,0,1,2,0
1073748352,274735616,76546128,0,2,2,12
147493,286523904,75497872,0,0,3,0
1131024,2173173792,136589312,0,1,3,0
293609536,4325762,1075872784,0,2,3,26
17309706,109121536,1075839312,0,0,4,21
1124073601,136577036,2215780352,0,1,4,9
436207649,606077064,141632,0,2,4,31
152043544,1086328960,537406464,0,0,0,0
1058952,541589761,67110480,0,1,0,11
5134,1509949472,5783553,0,2,0,0
1141375248,2684354760,269811714,0,0,1,0
2689152,1074790467,608436232,0,1,1,0
1075840144,403718400,88086528,0,2,1,7
113262592,2298486800,1075845184,0,0,2,0
169349120,268436611,2153791504,0,1,2,25
69207049,542638144,134316672,0,2,2,0
589299728,4194823,19496,0,0,3,5
536903736,304480256,5259332,0,1,3,2
134251592,2183139456,536889349,0,2,3,0
2156929280,69276160,402800672,0,0,4,15
135553024,318767200,6357002,0,1,4,14
169213952,612892704,1073790979,0,2,4,21
1747976192,276891652,2147876867,0,0,0,35
83902992,272762882,1746927872,0,1,0,0
8979472,3959422976,268437728,0,2,0,0
369229826,4197441,10747916,0,0,1,23
17302064,40140800,268437890,0,1,1,0
306315268,3146776,16814240,0,2,1,25
1081365,1141702656,50334848,0,0,2,11
2183137284,469762096,1610682369,0,1,2,4
604520449,16941576,1082396688,0,2,2,33
2249216,72876160,58720328,0,0,3,13
134748168,34627588,2424992,0,1,3,25
2216689736,1073975296,10640,0,2,3,4
2164785200,2215936,1343227136,0,0,4,20
13697040,403968,3221749892,0,1,4,24
2148794626,276825153,1744832544,0,2,4,4
1753219200,16818752,67176708,0,0,0,39
2135042,34079256,286392384,0,1,0,0
301990036,1074398464,203489344,0,2,0,0
35652992,72364032,2164557824,0,0,1,0
2415919156,33557824,479232,0,1,1,20
2147484052,67268608,305135617,0,2,1,2
2323709952,67389504,21103872,0,0,2,44
33587284,262946,2415944704,0,1,2,0
167777284,2164269248,880804352,0,2,2,10
201613312,2952791552,26284032,0,0,3,0
2684387346,42993792,17235976,0,1,3,11
109068352,135004177,2147647500,0,2,3,11
1477451776,591659008,2147620992,0,0,4,63
2148018180,10491136,151142464,0,1,4,43
8388773,2454192128,738336768,0,2,4,10
553910792,3623878720,42483840,0,0,0,0
1074036742,171974720,659984,0,1,0,16
268435570,1073809152,537921668,0,2,0,0
1083183616,268445730,591040,0,0,1,35
33621002,1075970177,25166160,0,1,1,0
1077936418,50626568,2155941952,0,2,1,2
268504065,135282756,659474,0,0,2,12
144769026,1090554112,100663952,0,1,2,0
1077937920,352321608,2149728272,0,2,2,0
50397698,558212,606339328,0,0,3,0
2155872644,671089682,1088000,0,1,3,4
1090786304,2281703504,34152449,0,2,3,14
540082208,33949824,163577857,0,0,4,33
336068740,229472,3241148416,0,1,4,0
138477608,603988226,50333713,0,2,4,27
2147844098,34605089,17322112,0,0,0,12
469762184,2156135440,538992641,0,1,0,11
1052694,539131912,1476460608,0,2,0,11
285278218,1059008,79954176,0,0,1,9
537396236,33710336,1149239362,0,1,1,0
394376,67133953,1115685184,0,2,1,0
134611016,2168459520,1141915650,0,0,2,25
2152792080,1073767552,335544648,0,1,2,19
11601920,33690144,16834576,0,2,2,24
67240608,45074,3407877,0,0,3,14
159416322,267136,33554509,0,1,3,0
403243016,6302208,75501952,0,2,3,13
570755072,2148188160,1343225865,0,0,4,0
17048,1092616450,42536960,0,1,4,4
1078477824,2415919202,41943688,0,2,4,0
1074823186,4196485,8414272,0,0,0,35
403177552,75499650,1107365896,0,1,0,55
33572128,671612994,2149582853,0,2,0,0
1132462084,536906753,1130632,0,0,1,29
196808,1346895904,536906242,0,1,1,0
2232833,264242,415237120,0,2,1,13
167780369,1445896,2768240642,0,0,2,7
570982408,10486592,3489660961,0,1,2,4
17858608,138413316,539754560,0,2,2,15
1619009538,69272704,2415952400,0,0,3,6
268492804,34080864,155254785,0,1,3,30
4334596,807469058,84181024,0,2,3,0
268451889,209720320,2182643712,0,0,4,43
553649282,401921,343933216,0,1,4,7
2149597472,805307404,138674689,0,2,4,2
33818690,1140917280,2646144,0,0,0,21
16861440,538980416,1074823684,0,1,0,0
1073874433,2152742976,151030016,0,2,0,0
69121,24898,151126028,0,0,1,0
554173184,33591488,3147812,0,1,1,20
268582978,2215150592,33555081,0,2,1,0
269623298,1082130977,790664,0,0,2,39
6326304,533136,1887453184,0,1,2,0
268484625,69734402,1615855648,0,2,2,13
135265,1392509184,1148932,0,0,3,0
1107427394,67175441,2286944768,0,1,3,0
138416644,2149654544,8389025,0,2,3,0
373297152,1613004800,2147484993,0,0,4,0
1077937024,67403786,2181169220,0,1,4,0
297795600,33559049,3014912,0,2,4,10
202383616,304087076,2168521216,0,0,0,28
270405,134301824,1074791682,0,1,0,11
2759854080,1074791184,19136644,0,2,0,27
2164261381,142704896,1107689488,0,0,1,7
8388780,17074240,234889217,0,1,1,0
19204,2282037248,54525961,0,2,1,0
607133696,2550136837,557360,0,0,2,11
16845314,273940736,1275101248,0,1,2,0
546308101,2229296,1342443522,0,2,2,4
621282304,413139008,2182095104,0,0,3,2
1082146888,17400832,138545408,0,1,3,5
1141907464,13371392,65813,0,2,3,38
1084260416,269621248,2168471554,0,0,4,14
1619001362,2392132,11136,0,1,4,38
41992256,2215118850,2232608,0,2,4,0
134807682,6291493,2214641672,0,0,0,31
1141899584,142610564,2264064,0,1,0,27
536903832,159384580,2181038657,0,2,0,0
171967520,555876416,8917010,0,0,1,18
69206038,1073873441,142608704,0,1,1,0
2429952,1145077762,24740,0,2,1,0
547356932,151339008,4195858,0,0,2,2
71309316,1076101256,286261265,0,1,2,0
1207959848,270795328,2218819600,0,2,2,11
841023488,4735360,8389667,0,0,3,17
466976,84934736,675807233,0,1,3,25
271122448,2164394240,16610,0,2,3,0
6292616,8519749,18391040,0,0,4,0
269026432,538058784,1157632001,0,1,4,0
67457024,578813976,6293664,0,2,4,10
1109395457,67118720,146931968,0,0,0,12
100663309,537657362,11665440,0,1,0,0
2214594690,1179940,138945536,0,2,0,12
2149622784,537004072,1073758593,0,0,1,37
2218000384,33622176,4857864,0,1,1,58
8977,1611677824,134808608,0,2,1,0
159387656,542114064,1107444736,0,0,2,28
16909330,270573572,142607112,0,1,2,0
136577033,33603602,71835904,0,2,2,0
16852000,2155907076,303038978,0,0,3,10
69206058,142622849,17862672,0,1,3,0
542116096,1342717953,134292000,0,2,3,23
2155888900,1627399168,2527232,0,0,4,7
806355970,142745728,3227516929,0,1,4,2
200721,184559616,68682880,0,2,4,21
16912417,302253312,3145924,0,0,0,10
304095360,142688260,1574922,0,1,0,27
3489661057,570966048,37636,0,2,0,12
402666496,4194883,1736720,0,0,1,76
12616,9961520,83952642,0,1,1,0
537133826,19939456,1107333152,0,2,1,0
134512646,104988673,3163168,0,0,2,21
135798785,566231552,100796424,0,1,2,51
50331922,273158152,142606532,0,2,2,0
34146432,135274544,1099170304,0,0,3,8
537526800,4263969,377488384,0,1,3,14
570426016,269094928,9445379,0,2,3,46
1242562568,5284,4407297,0,0,4,33
2152235040,671154182,3146824,0,1,4,13
71829508,2229536,2172682368,0,2,4,27
2150240256,1073752074,8651076,0,0,0,24
679940,16844930,37753864,0,1,0,34
2685411584,1082392600,71369792,0,2,0,47
537265216,26754,69238832,0,0,1,31
1074036801,805306396,26215168,0,1,1,2
13254656,33076,1345585152,0,2,1,0
1619002880,38834176,2164261216,0,0,2,13
268460052,608174114,7360,0,1,2,15
805315073,34410496,3276936,0,2,2,22
268436233,1835168,3288334416,0,0,3,16
537008136,1344536592,2231370368,0,1,3,0
575143937,2281701824,268441648,0,2,3,0
135398528,1140883468,17567745,0,0,4,39
270663716,328195,9438480,0,1,4,19
2420146184,1098909760,540033040,0,2,4,11
1107312706,604506624,5382148,0,0,0,22
1065060,100664065,541593602,0,1,0,0
3671056,1140867585,406913088,0,2,0,0
3223355400,152305668,100680000,0,0,1,36
79725056,2165841920,1074021408,0,1,1,20
14401,738214400,304480256,0,2,1,0
50332804,268470281,11337728,0,0,2,0
537138304,134251041,5259336,0,1,2,30
135823376,1113587744,2684420353,0,2,2,0
469762144,1611677698,33980424,0,0,3,14
8914954,2450522368,1094713504,0,1,3,0
1141384192,1049362,2281701572,0,2,3,14
16799752,5374084,167781378,0,0,4,16
1075839272,34087428,537202704,0,1,4,24
135193,67143872,305201152,0,2,4,21
2215650304,13271040,16780036,0,0,0,40
805601536,1057298,2149650560,0,1,0,2
939558912,1090520200,2149781504,0,2,0,2
276833284,100794888,136855584,0,0,1,15
1140854914,2152333824,2139137,0,1,1,10
335546404,1208090633,29384704,0,2,1,0
1073758470,683671616,34340993,0,0,2,13
671088780,542738,2148532769,0,1,2,0
536870963,2228548,25444480,0,2,2,5
538968133,135284738,117575680,0,0,3,48
328833,34127874,8520480,0,1,3,3
2147486466,1208221764,1085457,0,2,3,31
1082134531,337707016,17055764,0,0,4,18
53320,35913764,335677952,0,1,4,21
139316,2148548866,4232193,0,2,4,24
135266881,1090912258,369119232,0,0,0,32
205521922,10526724,536955136,0,1,0,0
71401728,16777880,281601,0,2,0,0
537755648,33693953,404750880,0,0,1,6
335562784,393746,529480,0,1,1,21
272902144,1212936,36180224,0,2,1,20
805832192,2164359170,5505044,0,0,2,20
536985604,34734176,268439944,0,1,2,18
67665944,1111496704,16801922,0,2,2,46
268636672,2883590,545259569,0,0,3,19
159907856,1100288,301998092,0,1,3,0
829440,151000096,278921729,0,2,3,14
25182273,69828608,4326440,0,0,4,17
49201,2160066690,795144,0,1,4,13
75759682,1082500,2281914368,0,2,4,11
