135682,8456208,18875424,0,0,0,23
274726920,17728,790532,0,1,0,27
33558568,134874112,268503056,0,2,0,0
134366208,1082130976,2151686152,0,0,1,0
1207960578,545263620,68223040,0,1,1,12
1073761280,134283808,16810049,0,2,1,13
1108606976,335548432,4196672,0,0,2,48
3407876,138938368,8752,0,1,2,29
67112996,1610645520,82496,0,2,2,0
541065236,269492480,3221356545,0,0,3,0
234883072,167937,25165896,0,1,3,0
12587072,1073873424,536872066,0,2,3,0
134357120,620758016,1107296292,0,0,4,18
77627392,33947650,272647168,0,1,4,0
1183752,69730305,268469264,0,2,4,3
268436240,67115136,1073808448,0,0,0,0
1610612769,335675394,332032,0,1,0,43
2147745812,134744096,268599297,0,2,0,8
16779274,2181562432,134352897,0,0,1,0
1073742032,524553,70320128,0,1,1,12
2182088704,537527296,402653952,0,2,1,20
805308432,1101004800,33619980,0,0,2,20
1610678276,1310978,17305601,0,1,2,42
74048,169869316,68190336,0,2,2,0
524428,2231500800,33555024,0,0,3,0
802817,4260354,1140851840,0,1,3,0
2111488,134250632,549454080,0,2,3,18
2164261440,1065988,536903810,0,0,4,24
16779298,2214596672,302260224,0,1,4,0
304087048,2290155520,536887840,0,2,4,0
67109264,537002049,27264000,0,0,0,0
139493376,139360,2097304,0,1,0,14
1744830496,86017,2418016264,0,2,0,28
35651624,2818572352,72368128,0,0,1,0
2102276,33554728,67117584,0,1,1,0
268438017,545267720,6422784,0,2,1,0
17336320,134283269,13631520,0,0,2,24
549454080,36700168,1342177300,0,1,2,0
1075314692,134234184,16908832,0,2,2,43
531,134234180,67118336,0,0,3,0
8470784,1107296832,136194,0,1,3,0
20971650,2147844096,536871201,0,2,3,0
17924096,8397888,268963856,0,0,4,0
99332,2181300226,822083592,0,1,4,0
2147483812,16875521,22784,0,2,4,16
6299712,201850881,268436996,0,0,0,32
34340872,134222912,57472,0,1,0,0
2214609408,134221956,33620008,0,2,0,5
33620994,608174208,134348880,0,0,1,0
2281702401,268439564,67125392,0,1,1,12
17301761,69728,8391176,0,2,1,13
1073747984,679477312,270565408,0,0,2,4
8667140,3221225568,18940160,0,1,2,0
1610613312,268443778,9502752,0,2,2,27
1678245888,2152726656,17105408,0,0,3,15
541200,100667456,2283798529,0,1,3,0
67141650,1224867840,547356673,0,2,3,0
2162700,2416051200,1107300608,0,0,4,0
2151694337,268967940,70176,0,1,4,22
134742064,2218787840,16912385,0,2,4,51
24712,8389156,2281704448,0,0,0,15
269501440,134220036,2148270208,0,1,0,24
90,1115137,9052160,0,2,0,0
537002008,33556513,1073808388,0,0,1,3
273154049,141440,1073746180,0,1,1,16
570449920,266784,8388622,0,2,1,37
1074790496,2237440,536940552,0,0,2,42
2156922880,4202501,536907778,0,1,2,2
4289,6324228,1130528,0,2,2,0
543162624,134350856,268714112,0,0,3,9
2147517456,301991940,67633536,0,1,3,14
268445698,452,17563664,0,2,3,34
1073750280,134250502,273022976,0,0,4,36
2147483924,538054656,4278272,0,1,4,22
1073741838,2147748352,1105,0,2,4,12
2147500545,1074268416,8651780,0,0,0,4
9961728,18874402,2147554304,0,1,0,0
229392,604504096,150995208,0,2,0,0
2432696336,147461,536937474,0,0,1,19
1073774722,135266832,2149597185,0,1,1,0
180228,25428992,268501312,0,2,1,0
2684354608,786498,25165833,0,0,2,25
67702784,1064978,649,0,1,2,14
268566533,59768832,266504,0,2,2,12
2550136960,545259529,2228230,0,0,3,23
67633186,436208640,4289,0,1,3,0
10617856,805371920,1141899268,0,2,3,0
536904000,4456608,17301514,0,0,4,29
3277056,268697668,33624066,0,1,4,15
343934976,537006144,82952,0,2,4,0
266320,2285897728,805307396,0,0,0,17
545260560,51328,34607106,0,1,0,17
537985025,136577280,1073906176,0,2,0,15
169870336,8915456,33089,0,0,1,36
131337,8214,17302080,0,1,1,0
144707584,139778,537395209,0,2,1,21
537035776,2181038593,1140858912,0,0,2,29
545260672,540738,1342243072,0,1,2,0
84934660,536889376,134219272,0,2,2,0
12714000,69484544,805306377,0,0,3,4
2248146960,200706,562036864,0,1,3,5
2155876608,273186816,33685569,0,2,3,28
2097442,17172480,33619988,0,0,4,17
537395206,2151678096,1342242824,0,1,4,0
555810816,268435475,2281702144,0,2,4,0
1441808,5126,671612936,0,0,0,28
2684424192,368,34881536,0,1,0,36
570949888,139344,2098312,0,2,0,37
2181071360,17055872,14680128,0,0,1,9
268697610,67110917,2684362768,0,1,1,0
2179200,295940,9437218,0,2,1,0
9439236,20737,536903760,0,0,2,0
541069314,3211280,8912901,0,1,2,12
17989632,525392,69206560,0,2,2,31
1114192,12607488,168034560,0,0,3,15
536887332,34603266,71499776,0,1,3,19
75506688,2359330,270008336,0,2,3,50
2105356,1084416,671088720,0,0,4,0
526348,671089168,278921218,0,1,4,0
1073751552,38797313,142868608,0,2,4,17
4980800,1258291200,67223552,0,0,0,0
536872969,540708,42496,0,1,0,12
285220992,137887744,1073954816,0,2,0,0
8406018,671613056,2363408,0,0,1,0
3150336,557136,3254910976,0,1,1,7
278921344,2148549632,604241952,0,2,1,6
18176,150994992,271122432,0,0,2,0
1879049216,12591108,184551424,0,1,2,24
2281705488,67110980,588251136,0,2,2,28
2151680512,33554458,84938752,0,0,3,37
167936000,335560705,262544,0,1,3,0
570441856,9473,152043524,0,2,3,5
2416312320,1275101184,545284096,0,0,4,47
1589256,536969728,1073746064,0,1,4,0
2148614144,1883242496,2138624,0,2,4,4
2121,268828688,26230784,0,0,0,15
537034760,3356491776,18890753,0,1,0,0
4589568,2692743170,16795136,0,2,0,0
167903264,26688,266753,0,0,1,40
26214401,3078,671089184,0,1,1,0
269549569,596,538992640,0,2,1,11
268468304,1644175360,2147484064,0,0,2,13
150995520,1073790992,538451968,0,1,2,0
1224802304,4980740,76547072,0,2,2,20
92275200,138413058,303168,0,0,3,0
3225681920,167774210,562167808,0,1,3,21
411041856,536871682,1076889600,0,2,3,0
2181070850,138477569,1074790448,0,0,4,6
33558800,1615331328,2281717792,0,1,4,0
2181038114,5633,268994560,0,2,4,45
12648450,536875104,202376192,0,0,0,0
805568520,35652112,4718849,0,1,0,14
67174440,10616834,4997120,0,2,0,10
2170896,33816582,2436890624,0,0,1,0
65744,8945666,67108901,0,1,1,11
19072,1073746945,34603056,0,2,1,0
2147508288,269484080,163970,0,0,2,40
538181760,71372800,1224867840,0,1,2,21
134742026,2147484420,42000,0,2,2,0
16779528,2160066624,201342992,0,0,3,4
1090535440,1665,605028416,0,1,3,4
285280256,79691904,3221356546,0,2,3,0
559105,4195136,142622736,0,0,4,10
606077440,1073747972,1115168,0,1,4,0
134283522,536871024,8441856,0,2,4,0
526528,2130434,8527876,0,0,0,24
34052,541196416,1342185474,0,1,0,0
302055680,68681760,305152,0,2,0,12
2147487764,100664328,136577280,0,0,1,19
553652480,1075839056,403701768,0,1,1,4
117441536,1073741859,268438144,0,2,1,10
270534660,537018370,67109760,0,0,2,0
140304,1073774728,2099460,0,1,2,18
1074790434,541196544,268440580,0,2,2,20
67256328,4981760,536881156,0,0,3,0
545260040,2181169154,83008,0,1,3,5
545308672,2181039120,84418560,0,2,3,0
33554584,10486336,537280512,0,0,4,12
1090651136,12583432,537143296,0,1,4,6
1614815232,419692544,591104,0,2,4,11
67110464,33622024,1615855616,0,0,0,14
2149056544,538,268454912,0,1,0,19
33595520,16777237,2491416576,0,2,0,0
1704000,2151690240,33554481,0,0,1,0
268861440,537411616,2281703426,0,1,1,0
134217825,536872980,276840450,0,2,1,0
6357120,2147885056,1107820560,0,0,2,0
264216,276832512,1074267137,0,1,2,0
2151682304,2100352,100671504,0,2,2,6
27262978,167772225,1342210560,0,0,3,0
419954688,6180,1107427344,0,1,3,0
143138816,65801,536871460,0,2,3,0
2147484706,1073889296,269484100,0,0,4,18
8585232,67371017,537920514,0,1,4,0
33824770,2147516488,270534660,0,2,4,0
3229679616,134217763,839122944,0,0,0,18
1073770496,84017184,134218832,0,1,0,64
280608,1073743616,571473936,0,2,0,0
537002624,66578,135561216,0,0,1,13
536870982,2172682240,268462080,0,1,1,0
268501016,138674177,1074399232,0,2,1,0
360,67119232,285360128,0,0,2,0
2156400640,1107296268,17858562,0,1,2,14
18874433,1073156,2155873536,0,2,2,0
537428480,16867328,2147487873,0,0,3,2
73746,34865153,2281703432,0,1,3,0
1051008,35656192,134283360,0,2,3,26
16859264,1602,168296464,0,0,4,0
16781856,536879122,39847936,0,1,4,0
268485120,1075839105,536870940,0,2,4,0
135188,33619977,2348810304,0,0,0,0
537919498,544784,1208221700,0,1,0,16
2952794112,7341056,8650912,0,2,0,44
134529024,77594626,268435553,0,0,1,0
5243144,1610618880,16810032,0,1,1,0
4230144,2156396576,33624080,0,2,1,0
67118081,9453584,1342701824,0,0,2,0
8394240,4587584,1342185474,0,1,2,0
8400900,537133185,16911360,0,2,2,0
2166358144,4195338,135286784,0,0,3,32
545268224,2147614738,2097348,0,1,3,20
603983874,2164277312,816,0,2,3,6
537919522,1210057728,26640,0,0,4,52
296968,1140850753,2147614978,0,1,4,0
540768,2131984,2148532740,0,2,4,11
17858592,2236480,3258974208,0,0,0,0
2415952000,25169921,539492360,0,1,0,7
536905984,10551328,71827460,0,2,0,26
16779408,69207041,570950144,0,0,1,7
268599424,139462656,67126784,0,1,1,12
10502160,67123200,184614912,0,2,1,0
553657344,2147942400,16397,0,0,2,0
69210144,1082139648,268959753,0,1,2,0
33554992,1074020353,268571648,0,2,2,0
2578,270602240,2155872289,0,0,3,0
143131136,2338,72351748,0,1,3,0
83894784,268701712,537936128,0,2,3,0
69206176,545265664,82946,0,0,4,10
268470528,1043,58720384,0,1,4,9
33554570,1214464,2215116801,0,2,4,3
537166336,41943046,135185,0,0,0,13
171968512,822345728,41986,0,1,0,14
16801808,1073742120,134251524,0,2,0,0
553779456,106624,11010112,0,0,1,5
1342177328,17564672,10518532,0,1,1,17
2149580803,1107312896,67796992,0,2,1,14
335544340,4751361,537002304,0,0,2,0
8470529,138420226,2181038340,0,1,2,0
806371328,17039648,201393152,0,2,2,56
4457600,2432696336,141376,0,0,3,0
272629794,151259136,688384,0,1,3,8
9024,33574920,9046016,0,2,3,56
2181169216,8421664,134221953,0,0,4,36
2151809025,2134528,17301524,0,1,4,6
1142947856,54525960,268571136,0,2,4,27
268698632,1638912,150994947,0,0,0,21
1212928,4200,69287936,0,1,0,0
2147550336,68157954,1082654721,0,2,0,12
1074831360,2200,138412035,0,0,1,5
201457666,578813953,1090521344,0,1,1,0
134218504,100664321,4227120,0,2,1,15
1638464,136331266,1073872905,0,0,2,38
16777824,549519360,33587212,0,1,2,0
405274624,8395776,100663560,0,2,2,44
4720704,131728,671416320,0,0,3,21
545259780,2148008456,45072,0,1,3,0
1073758274,98568,2449481728,0,2,3,0
268451912,2147483667,141440,0,0,4,16
570556672,1145053184,2195968,0,1,4,0
50331912,1073746064,268468292,0,2,4,0
436240384,10551424,67375168,0,0,0,48
9437376,537396480,2214608912,0,1,0,0
2214594592,549454080,18891264,0,2,0,16
16914432,2283806720,33817089,0,0,1,0
268437510,4227616,279680,0,1,1,6
10486528,792576,2151694340,0,2,1,4
553657344,1077968960,201458176,0,0,2,0
276824640,4260868,2149589000,0,1,2,14
16908928,1107312642,276824097,0,2,2,0
4194386,538968224,1141112833,0,0,3,21
18456,203948032,1610616960,0,1,3,0
2097222,1074266656,269746432,0,2,3,0
268961280,8388760,3221225760,0,0,4,3
268436097,5373960,539033632,0,1,4,12
2099584,1066048,2181103617,0,2,4,0
205520897,1075879936,276840576,0,0,0,11
159384064,2147532928,3090,0,1,0,0
1442816,33622018,2156396576,0,2,0,0
268441616,67141892,2157182976,0,0,1,0
2147615234,538969092,542784,0,1,1,2
69206064,537083904,134742081,0,2,1,20
67634240,17039370,8519937,0,0,2,47
2155872784,1346371588,536872128,0,1,2,4
608174081,50348160,65810,0,2,2,2
1108410368,67112064,538968160,0,0,3,4
67117569,2147614732,84096,0,1,3,14
293732352,537927808,33654784,0,2,3,0
264960,1142956032,2835349504,0,0,4,0
539033632,301989908,152047616,0,1,4,27
2416082944,117440516,134223104,0,2,4,48
134480160,69402624,553664640,0,0,0,21
5505025,116,335552768,0,1,0,0
2181039136,1073877000,2129938,0,2,0,18
33560832,1073775632,2149712000,0,0,1,13
268440580,1073774616,2191523840,0,1,1,0
67633186,65732,54530048,0,2,1,10
1052808,537035776,67174914,0,0,2,13
134316033,528900,1319040,0,1,2,0
82440,134223876,17957120,0,2,2,0
570687492,1073877504,16403,0,0,3,7
301998082,2164817920,9453632,0,1,3,18
1053704,1208092672,8650772,0,2,3,0
1077938192,2148008968,200705,0,0,4,14
2147786752,42992128,1208091648,0,1,4,27
535040,134217866,9584640,0,2,4,0
41104,541081664,2097417,0,0,0,0
16428,5243009,106752,0,1,0,0
2104320,4719106,537919493,0,2,0,0
2173173760,135282696,133140,0,0,1,27
553648138,102236160,28676,0,1,1,36
67109156,29360144,537006208,0,2,1,0
1073746050,268452097,67117136,0,0,2,12
4198418,2164785184,304087044,0,1,2,0
1073775106,8392896,2248147968,0,2,2,6
1118272,532609,2147762184,0,0,3,35
2114080,16777237,68421632,0,1,3,0
299009,1131520,18874404,0,2,3,10
2685403168,1090519052,335839232,0,0,4,27
134220033,270468,67108906,0,1,4,0
1049136,671088712,1107428352,0,2,4,0
537395728,2185248768,8652808,0,0,0,20
570427396,84017408,406851584,0,1,0,7
1207959572,2181562624,9510912,0,2,0,27
1142947844,570949640,2147492608,0,0,1,16
4522048,150999056,1140850824,0,1,1,18
4489218,34742272,939524352,0,2,1,0
301990208,4199428,8437888,0,0,2,9
2952855552,16780352,1074798608,0,1,2,42
536936720,2148016640,71303298,0,2,2,0
6293506,2156134401,268599312,0,0,3,0
134234248,32787,335556608,0,1,3,0
352387072,2160066816,134751232,0,2,3,0
8521856,138739712,16785444,0,0,4,0
537133121,308281344,22544,0,1,4,41
10584064,268454400,1074004100,0,2,4,0
2153775106,2820,268698752,0,0,0,11
1179720,19398660,1073774976,0,1,0,0
133280,1147904,37748739,0,2,0,14
17834496,1074267168,6293760,0,0,1,14
1179696,285220928,2684354944,0,1,1,0
1108606976,16422,525072,0,2,1,45
100663305,2147493376,1090600960,0,0,2,0
2753560576,276828288,196618,0,1,2,16
269549576,34079233,536888324,0,2,2,21
2147488004,2114112,1049634,0,0,3,26
1073750532,2152726536,2369,0,1,3,24
2622528,557850624,301990017,0,2,3,0
536903824,289931264,167774464,0,0,4,22
2217738240,150995972,1082134656,0,1,4,12
1123328,71827458,120,0,2,4,0
1090584608,3585,8520064,0,0,0,18
1342243072,13631496,2701131904,0,1,0,4
33751042,12584192,805306392,0,2,0,0
671097856,1088421888,6178,0,0,1,11
19138560,1107492864,276832264,0,1,1,0
2148040960,135282720,301989891,0,2,1,12
2189426752,16770,264197,0,0,2,25
272630020,1073750056,267266,0,1,2,0
1090519176,9963520,539099648,0,2,2,17
4259905,2102528,838868992,0,0,3,0
1090535936,2099234,135266369,0,1,3,17
2149591040,419431424,8929536,0,2,3,19
67371524,2181070849,6528,0,0,4,18
587202564,100368,67126528,0,1,4,12
12305,67109894,1090519080,0,2,4,0
67240208,536876064,285214784,0,0,0,0
133186,12648464,1644171264,0,1,0,0
67280896,140509200,33559048,0,2,0,0
1611137056,2298478593,337641488,0,0,1,19
268440578,67111072,33636864,0,1,1,2
402792448,100663329,528576,0,2,1,28
405798912,2148024832,33592320,0,0,2,14
268484624,201589248,2149646368,0,1,2,12
20971523,671098880,75629056,0,2,2,0
805306656,19398660,4289,0,0,3,27
2415920130,101712384,134221889,0,1,3,42
302022720,16842884,537396240,0,2,3,15
543162432,83895296,104448,0,0,4,27
6325248,1082277888,536872984,0,1,4,0
18878976,2416443424,5376000,0,2,4,0
541132800,1318914,67108952,0,0,0,16
3309568,67133448,536940545,0,1,0,0
337649664,1049248,3222011904,0,2,0,0
150999041,1075053568,268436160,0,0,1,39
134416384,67666944,1090527234,0,1,1,0
35659778,1069072,1208221700,0,2,1,0
18890760,138805248,75505666,0,0,2,0
541069376,270671872,17399808,0,1,2,4
67175426,134742656,2166360064,0,2,2,0
526408,12591360,2432696322,0,0,3,0
268763152,2148008962,69222528,0,1,3,0
2885681152,2097984,49172,0,2,3,15
2629664,1107296576,537198596,0,0,4,0
2164391944,268468482,1573952,0,1,4,13
16842882,1088421888,2685009920,0,2,4,0
135269376,2359560,2164261024,0,0,0,18
33686656,37380,146866176,0,1,0,3
1056785,2215116808,4342016,0,2,0,28
603996168,135299074,16842820,0,0,1,26
263428,1073881120,33554577,0,1,1,0
557152,2550136840,545261572,0,2,1,0
46141440,19398658,1073743040,0,0,2,0
5506048,65924,1879048193,0,1,2,0
135300096,12648456,33685569,0,2,2,46
2151678984,603980289,1107378176,0,0,3,7
328194,1090519105,134742152,0,1,3,0
805372416,67108997,1075970064,0,2,3,8
8552512,1074806800,2449474560,0,0,4,0
2148564996,587202624,71385088,0,1,4,17
1224736832,532504,805437472,0,2,4,7
8454153,268439812,2149843072,0,0,0,0
2147819520,102761472,1090519184,0,1,0,23
1361051648,2147485699,33591552,0,2,0,2
3355443208,4857856,268767232,0,0,1,58
540752,339740672,67200,0,1,1,0
1080033792,268452104,5280,0,2,1,15
1073752066,2180096,134254593,0,0,2,26
536880129,2149581060,33718274,0,1,2,0
8407104,273022976,18944000,0,2,2,0
24833,539000848,4264960,0,0,3,11
138547200,2097225,622596,0,1,3,24
33345,536871050,14680096,0,2,3,14
606272,50601984,785,0,0,4,22
2214600768,557842433,1352663040,0,1,4,15
33619971,2151694400,403702016,0,2,4,0
525064,2100,1217396736,0,0,0,0
2315288576,2621600,272630280,0,1,0,12
9437697,4360192,262544,0,2,0,15
101712128,16811520,537135232,0,0,1,25
1253376,805830784,100712448,0,1,1,21
537921537,67223552,276832258,0,2,1,2
10551328,135301120,3221226497,0,0,2,0
209731584,2147942400,33064,0,1,2,0
134219779,268501152,67375112,0,2,2,0
134217769,596,16812034,0,0,3,0
327704,1081632,1082134656,0,1,3,0
4341792,8464384,33555476,0,2,3,0
276890112,36929,33686532,0,0,4,2
8388784,34605120,2147492354,0,1,4,0
151257120,1174405128,279445504,0,2,4,15
2283800576,1077944832,537034784,0,0,0,20
2684395520,1188,17104912,0,1,0,25
75759620,1075838986,57856,0,2,0,0
268697648,1075839236,536873992,0,0,1,13
1107558912,738263040,4719624,0,1,1,7
34373632,5251080,270549024,0,2,1,0
2149582856,73746,134481152,0,0,2,6
37749888,201359376,8393472,0,1,2,0
142639105,2418017280,4276240,0,2,2,0
2415935552,1073747984,184549378,0,0,3,32
536704,168820737,25166340,0,1,3,36
2550169600,278658,570434560,0,2,3,9
2151810048,805306408,2359936,0,0,4,4
67192832,2490400,1081476,0,1,4,0
9502728,151650304,9250,0,2,4,0
4204608,10502400,536871969,0,0,0,25
822083648,4522112,24586,0,1,0,36
49188,4718736,537920256,0,2,0,0
1074298944,3090,2281705480,0,0,1,14
83886464,140290,33620001,0,1,1,16
67109125,2150107136,41943616,0,2,1,0
1074798608,35651720,293601284,0,0,2,40
1090519312,5505032,537002498,0,1,2,8
2148533312,243269632,16521,0,2,2,55
2181042304,6291490,362496,0,0,3,34
2181038224,16910848,136843264,0,1,3,15
8472,263236,5767170,0,2,3,25
75513888,37814288,16912640,0,0,4,37
539295744,2156003456,33060,0,1,4,0
285753344,1180176,536937476,0,2,4,0
262194,2952921088,8393729,0,0,0,7
2181038340,18874512,67110402,0,1,0,2
46268416,536584,1207976000,0,2,0,0
66596,3229614088,301994496,0,0,1,0
135397408,10485952,524309,0,1,1,11
1140981792,9437442,268452360,0,2,1,27
2151694848,2166786,1048776,0,0,2,27
1610613056,2148605952,67109912,0,1,2,5
134742050,67174916,16908545,0,2,2,47
201850896,262592,2147521536,0,0,3,14
76547072,35667969,1073775112,0,1,3,10
2147746064,134352897,1074792960,0,2,3,12
590592,1073876996,545292416,0,0,4,13
274727424,204802,1360,0,1,4,6
272695297,50336256,1073742992,0,2,4,6
201326602,2147549760,5509120,0,0,0,0
268533888,134742592,1074003971,0,1,0,13
134742152,542113856,16778754,0,2,0,0
16826880,269485184,134873090,0,0,1,0
67113728,151027720,409728,0,1,1,0
37757056,537151488,1074266129,0,2,1,8
17170560,8388936,537399300,0,0,2,3
100696066,16785540,2281701640,0,1,2,0
140800,570687490,344981504,0,2,2,0
136316160,8650848,268591104,0,0,3,18
10519552,790532,17893376,0,1,3,0
603983936,8390696,1090535428,0,2,3,41
2147780608,138412056,9453696,0,0,4,5
402653728,537169920,20973824,0,1,4,16
67896320,118784,8519760,0,2,4,23
9437316,167773696,67141642,0,0,0,11
16781456,794632,281019392,0,1,0,0
134251522,2181169153,3149832,0,2,0,0
36096,545521728,33574944,0,0,1,0
67109256,12779520,272416,0,1,1,14
1067009,2282291200,67110408,0,2,1,0
2164785168,8847360,1089600,0,0,2,26
2147558400,17186816,268435470,0,1,2,7
41943043,268439600,1615069184,0,2,2,0
1073741835,4460672,33686048,0,0,3,2
2114049,2214633472,58720264,0,1,3,0
1074069760,33562816,655873,0,2,3,2
169869824,4268034,2147745936,0,0,4,0
17039426,1140883712,196644,0,1,4,11
8834,4259864,1090519105,0,2,4,0
2684362784,134351360,1087373312,0,0,0,56
8454168,68714496,155649,0,1,0,0
1076101121,1122336,134251010,0,2,0,2
134218020,35652672,2165571584,0,0,1,0
1082138880,337641480,4259888,0,1,1,4
54542336,536911876,76546056,0,2,1,7
671354880,4358145,67111184,0,0,2,48
51204,536871112,2168586240,0,1,2,0
33685537,2147811456,1073786880,0,2,2,0
537133092,67244288,35653640,0,0,3,13
1310744,622720,8523777,0,1,3,14
532513,536920072,2147549314,0,2,3,20
5251088,268451843,101188096,0,0,4,21
1149240320,1048900,268435593,0,1,4,5
1074790466,8687616,134299652,0,2,4,49
21233696,100416,2214592529,0,0,0,0
663568,541114368,3489726464,0,1,0,0
2147565576,133249,1619005440,0,2,0,4
805568768,10618880,40965,0,0,1,11
721408,704643080,71303328,0,1,1,0
9453569,268567584,1140916240,0,2,1,0
1080033288,2147745858,84410384,0,0,2,0
541327616,17825809,2147681280,0,1,2,4
2282227712,1612840960,17568,0,2,2,11
268764160,2101512,1212544,0,0,3,2
1377280,134905856,1073742480,0,1,3,0
2181038656,164865,16795656,0,2,3,23
3222274049,134222082,554188800,0,0,4,51
16843016,1073741906,541089792,0,1,4,0
294918,1073809409,2751594496,0,2,4,0
134389760,285741056,536871248,0,0,0,21
139526144,2625600,545267744,0,1,0,11
270541056,184,536892416,0,2,0,24
306184200,68177920,8421396,0,0,1,26
2684354628,38273056,25297152,0,1,1,14
269484608,67244160,1132462080,0,2,1,0
2281734145,21102596,68157584,0,0,2,40
2148012034,562036740,136315264,0,1,2,27
33620048,1082654848,67149826,0,2,2,0
134235140,537137154,589889,0,0,3,0
6295556,2147484864,1073782816,0,1,3,0
33560580,75514368,2147483810,0,2,3,8
1048617,545390720,2147516676,0,0,4,24
301989936,142608385,2147778816,0,1,4,18
536937216,2165309444,2229256,0,2,4,0
328832,302120976,16680,0,0,0,7
1107312704,134873092,2151677986,0,1,0,5
536904196,38010888,2155880512,0,2,0,0
1111498752,262728,545816576,0,0,1,34
268455944,41943046,4464768,0,1,1,2
32835,1611923456,2114056,0,2,1,0
2147680768,570426624,8945680,0,0,2,11
1342439680,69222464,5242890,0,1,2,43
134226049,66054,3112,0,2,2,14
32789,369115136,533568,0,0,3,0
151005184,1074794504,614465536,0,1,3,14
203440128,4327426,2147558400,0,2,3,0
138414336,16811016,786449,0,0,4,0
67239945,541589760,301994048,0,1,4,7
2217213952,272670720,16778246,0,2,4,17
8405122,17047568,1078034432,0,0,0,0
132864,2214608912,10493984,0,1,0,0
679739392,6295808,100672512,0,2,0,45
2151680016,335806468,556793856,0,0,1,17
2148532544,50462722,541081728,0,1,1,8
69468288,269615360,536887314,0,2,1,0
278921224,1140851713,135276544,0,0,2,7
4719648,1073758724,2182152192,0,1,2,0
71829504,268697984,1207959562,0,2,2,0
100794372,2147488258,1074267137,0,0,3,0
28928,541329408,301989936,0,1,3,14
269500424,67872,2149842946,0,2,3,0
151126048,536887362,1074003977,0,0,4,0
262163,1094713376,537004544,0,1,4,3
537927688,2113632,1107296400,0,2,4,6
83886224,1074398208,536879680,0,0,0,0
8396868,2073,34623488,0,1,0,36
51381248,532552,75890688,0,2,0,30
1075839616,33850368,135790624,0,0,1,41
2150105104,134258720,327746,0,1,1,27
51380232,354,67373060,0,2,1,15
138414082,4400,276857856,0,0,2,11
270565392,33558593,16779784,0,1,2,16
1075314690,2214625344,536871208,0,2,2,24
34357248,134348803,10487816,0,0,3,0
538970114,8393088,72351776,0,1,3,16
536887824,402915392,18939936,0,2,3,15
1056777,21626880,2147518528,0,0,4,29
1049605,2181103872,201359872,0,1,4,28
4194850,17072144,536889348,0,2,4,10
553652232,802820,34603042,0,0,0,27
536905732,1049408,8519809,0,1,0,6
69208066,1078001792,268435512,0,2,0,0
9044992,134283267,2684354720,0,0,1,3
2848,67248132,1075314704,0,1,1,0
537007104,2097233,1077952514,0,2,1,0
4472896,2149713920,557440,0,0,2,0
536879176,2114688,1078984960,0,1,2,11
3221360640,536920066,276824584,0,2,2,9
35651589,738198016,4261952,0,0,3,0
2163744,2684485760,285736961,0,1,3,0
18874912,273154052,1123328,0,2,3,0
268460040,590352,16910338,0,0,4,27
6299664,2181332992,8917248,0,1,4,0
570425412,1048595,16913408,0,2,4,37
4849728,33628192,2214592776,0,0,0,24
3221225484,2119680,537134081,0,1,0,30
301989897,2121732,1074036752,0,2,0,0
3355459584,67109936,587202564,0,0,1,28
1186,2751463936,4489217,0,1,1,0
67110922,533008,2281706496,0,2,1,0
2222981184,33849360,138414336,0,0,2,21
134744320,76546056,16809990,0,1,2,14
1074005056,75784,605044736,0,2,2,5
2164261377,167804992,854016,0,0,3,13
33821696,2286419968,67111184,0,1,3,7
4195338,84279296,2684387584,0,2,3,0
20971664,142999552,1074266122,0,0,4,0
16777268,786696,303104000,0,1,4,29
1074823232,2627584,142688256,0,2,4,49
270548993,17301636,2152759296,0,0,0,0
2216689792,536875018,33686784,0,1,0,7
2415921156,83887360,1611268096,0,2,0,20
49412,2228384,1114626,0,0,1,0
537143296,8913936,2214592517,0,1,1,0
537004064,33587520,74756,0,2,1,5
537395209,3229614112,272388,0,0,2,0
1312776,37136,813694977,0,1,2,0
272630017,1613234176,201457680,0,2,2,0
2113680,16785504,339869696,0,0,3,0
570425473,6408,9568768,0,1,3,6
67111172,268698632,4194401,0,2,3,0
2298486784,4880,272629952,0,0,4,30
402653712,1141915648,2164270080,0,1,4,17
604110976,1082662912,38913,0,2,4,0
67633282,35653888,270880,0,0,0,24
68157449,2359456,704675840,0,1,0,0
3221880832,40970,1052708,0,2,0,48
1073823776,5130,9437201,0,0,1,22
4325506,2183135488,22544,0,1,1,0
16910464,65858,301989897,0,2,1,0
16781384,135268608,8325,0,0,2,0
6292736,142614544,17174528,0,1,2,0
138412552,1074299136,117456896,0,2,2,0
9437252,33816593,2281840640,0,0,3,18
8389380,9352,556269568,0,1,3,0
536936466,2105504,1073875456,0,2,3,0
1076363272,33798,405504,0,0,4,46
269484112,35667970,598144,0,1,4,53
11265,134218274,71569408,0,2,4,4
218103812,265217,1082130450,0,0,0,14
69271680,2147762192,4198436,0,1,0,0
545292290,1141113344,33566721,0,2,0,0
1091043360,2151940098,167773696,0,0,1,3
3277824,1342185728,675807232,0,1,1,0
6553616,536872032,151535616,0,2,1,0
41986,13631744,540832,0,0,2,11
268435508,1112539136,2156396800,0,1,2,0
4456458,16814081,101712384,0,2,2,0
1611137025,67118336,17842304,0,0,3,10
16785428,67109385,4199552,0,1,3,11
2684355585,2238464,285769728,0,2,3,40
2151809056,134840320,8399360,0,0,4,16
272647168,8388936,33554484,0,1,4,5
68223488,2151678210,1109393536,0,2,4,10
1048962,1610678276,2149842976,0,0,0,15
268439564,1188864,33573376,0,1,0,26
134223876,268468320,394752,0,2,0,0
33564800,276824084,4198434,0,0,1,0
131458,203456512,1082662912,0,1,1,0
150995080,2236928,788512,0,2,1,28
2228264,268470288,4719617,0,0,2,14
335806465,148482,2197815312,0,1,2,7
201394176,570425728,268436500,0,2,2,7
553649156,524488,3223323136,0,0,3,6
34701312,403177728,1677729792,0,1,3,0
541392896,1091044352,67117570,0,2,3,0
34095360,86245376,4260416,0,0,4,14
2148599808,318767136,603980802,0,1,4,4
138706944,3147904,268960320,0,2,4,0
2453667840,67176704,537019392,0,0,0,17
536870934,265248,9502728,0,1,0,8
17039874,201328648,2633728,0,2,0,0
838860816,2282225920,39936,0,0,1,38
1078069248,41943106,537199104,0,1,1,8
526880,138429440,8421508,0,2,1,17
213248,70254656,2151682049,0,0,2,13
1314818,2293764,2148016129,0,1,2,21
134236288,538051072,285216776,0,2,2,0
268500995,151520256,75530272,0,0,3,15
17047554,1073790977,67604,0,1,3,4
33346,402657408,795648,0,2,3,0
805306888,16795649,134381570,0,0,4,13
401920,138936384,2147516449,0,1,4,0
538476544,71303177,268436546,0,2,4,2
536870988,67307520,18874497,0,0,0,36
547373056,1343356928,21757952,0,1,0,0
16801796,76021761,458816,0,2,0,0
12585024,2147631105,17039624,0,0,1,25
270536736,151257600,3229614096,0,1,1,0
537067648,558088,79699968,0,2,1,2
525352,201331200,131079,0,0,2,47
67145792,1138688,1082392832,0,1,2,0
134220804,2147492354,4395008,0,2,2,0
805326848,1081350,16843784,0,0,3,23
1084260352,2281705476,33816736,0,1,3,0
2147549208,1140859904,270534658,0,2,3,6
17056768,469770240,1611137032,0,0,4,0
268435718,2147746824,738721792,0,1,4,0
269615106,2626560,16548,0,2,4,26
136315906,33572992,16843272,0,0,0,18
589860,1078067201,2367744,0,1,0,27
1077969920,1327136,4241,0,2,0,10
134283780,16777297,2147504136,0,0,1,0
1107378176,131338,2281705488,0,1,1,13
436215808,536876064,4473344,0,2,1,49
37781760,352329728,1311264,0,0,2,0
42000,270598400,537397256,0,1,2,0
164097,8405632,671088712,0,2,2,6
524562,16803840,2147484832,0,0,3,0
25690114,4227137,2097676,0,1,3,3
1050754,4656,201326657,0,2,3,0
1082261536,134318080,18878720,0,0,4,29
262289,659712,33314,0,1,4,4
16910400,167772417,6291504,0,2,4,15
1346633728,526864,151015424,0,0,0,22
268567168,86032,3180544,0,1,0,2
2098200,1077940736,2147647744,0,2,0,0
73402368,1091600384,268509312,0,0,1,0
67141698,809566208,2101888,0,1,1,0
356,552960,2214658056,0,2,1,0
536873280,2147586048,655393,0,0,2,0
939525120,88088576,32820,0,1,2,11
537133314,2625,151027728,0,2,2,9
83886114,10487296,655440,0,0,3,20
1114370,11272,2148008001,0,1,3,0
1856,2415921280,32782,0,2,3,0
134234121,805830658,2151809028,0,0,4,0
67142688,1744830465,1196048,0,1,4,0
17842180,537137216,2149582976,0,2,4,7
16777762,8390788,33755136,0,0,0,13
135528449,2147485716,17367048,0,1,0,0
13631744,2149580806,268568064,0,2,0,0
16842888,1610612772,272630800,0,0,1,0
541065281,328712,1124073488,0,1,1,8
205520928,2195458,25182272,0,2,1,24
98372,2688548872,8389792,0,0,2,24
2183135234,137232,1343225864,0,1,2,7
2098188,270496,2182217728,0,2,2,0
41960448,605030400,2633728,0,0,3,0
1073881600,2147745872,41943073,0,1,3,28
337772544,553656324,1074282560,0,2,3,0
269221896,134348896,3146000,0,0,4,16
8552960,35653760,2684420104,0,1,4,0
813727744,4198916,152051712,0,2,4,18
268601344,1207963652,100664322,0,0,0,17
270864,606209,807534592,0,1,0,0
20971538,8488960,1610633216,0,2,0,0
2415927304,1627390080,655377,0,0,1,25
4194437,1090521152,268443696,0,1,1,0
1082392832,33591304,269099008,0,2,1,8
33624068,2148008016,1083179264,0,0,2,0
1056836,528768,671121440,0,1,2,21
33587268,1343225872,157696,0,2,2,0
8781888,134221872,67111552,0,0,3,0
4718616,134255616,139329,0,1,3,0
3225550848,17826320,67674112,0,2,3,19
285212808,1073881344,167772228,0,0,4,7
337641600,4468736,536888336,0,1,4,0
570427400,2483032064,134365696,0,2,4,0
268517377,2153779200,8422912,0,0,0,10
805373952,2155880464,1208238080,0,1,0,2
67108914,1111491072,545276928,0,2,0,10
404750352,33555492,71307272,0,0,1,40
2131970,142606856,532624,0,1,1,0
25170432,1646264320,4194402,0,2,1,0
209717248,268574736,1073743040,0,0,2,0
16778528,561168,67125888,0,1,2,0
16912392,537133089,335609860,0,2,2,0
1073758466,2883592,12308,0,0,3,13
539500544,229632,16580,0,1,3,37
33555521,25169922,432,0,2,3,15
2147618832,1073742404,794625,0,0,4,6
553648138,71303440,1074012224,0,1,4,7
2623496,102416,33701892,0,2,4,10
541196352,34344960,8389768,0,0,0,30
1207961664,2151825408,41480,0,1,0,0
65700,1241514496,536879176,0,2,0,0
604045314,282625,2147518592,0,0,1,14
4194468,545849344,134218497,0,1,1,0
1090535440,540018688,67240032,0,2,1,12
671350848,69730336,16906,0,0,2,61
17154,67108976,2147684352,0,1,2,0
142622736,34079746,335544392,0,2,2,0
67133456,5242892,1342177793,0,0,3,4
268435650,25698304,134217741,0,1,3,38
272629890,150994961,2155937796,0,2,3,2
150995216,335544450,2181046273,0,0,4,25
1073742224,40996,2626560,0,1,4,16
2164261632,37748872,1207959555,0,2,4,5
571998208,8585280,16782848,0,0,0,57
2149589248,1075314752,88080385,0,1,0,15
4259857,270663712,574464,0,2,0,0
2684371008,339742720,9961474,0,0,1,16
2149712128,1614807056,25436160,0,1,1,5
33579010,269484056,2214592580,0,2,1,0
2165309442,527424,2130433,0,0,2,33
13635584,1610613024,16826370,0,1,2,0
168820800,83890208,16649,0,2,2,42
301989956,19005442,537395217,0,0,3,26
67121280,787712,33587206,0,1,3,52
134259200,654311424,262544,0,2,3,14
135790720,16786176,268453892,0,0,4,11
1090520080,67119360,33554439,0,1,4,10
4329473,2693267456,2203648,0,2,4,0
33624068,1141899776,2298479616,0,0,0,13
8651296,4202508,134234256,0,1,0,18
2148302848,4327936,268460288,0,2,0,15
8540160,537395236,34668560,0,0,1,0
570427520,1073807617,138452992,0,1,1,4
269484042,1212186624,69271584,0,2,1,0
268452416,679477280,3254784000,0,0,2,6
2147778562,272630912,553779712,0,1,2,13
572530688,263233,403702272,0,2,2,13
196800,68681730,305,0,0,3,11
1157628032,2148024576,5186,0,1,3,5
2148008962,68161552,268438144,0,2,3,12
20486,1311008,2283798529,0,0,4,0
83886272,12306,1078214656,0,1,4,0
33560640,41218,17055745,0,2,4,11
42729472,1275068480,2147581953,0,0,0,0
2415919362,8390728,541261824,0,1,0,7
555745312,1207961728,1114369,0,2,0,0
2152726592,35652224,671221760,0,0,1,18
8519940,2165571584,1107296386,0,1,1,0
14696448,1207959812,33554961,0,2,1,0
1179654,1082196032,352845824,0,0,2,0
590352,536887305,1140851840,0,1,2,3
50331968,409728,2134528,0,2,2,0
20972034,1082138656,67371080,0,0,3,0
805306656,67928064,1075839496,0,1,3,12
176164864,1075839120,537985088,0,2,3,0
8913032,268435537,541102080,0,0,4,0
33628672,10485952,536872200,0,1,4,11
16812033,134414344,8405136,0,2,4,0
134217874,16793640,41988,0,0,0,14
184,25298944,1073746180,0,1,0,0
1058944,1075970080,4355,0,2,0,14
603997184,4248,19005504,0,0,1,19
1187841,268452354,2147516548,0,1,1,22
327812,545284096,2415920640,0,2,1,0
16945152,138477569,17442,0,0,2,16
67276800,537133313,2147549700,0,1,2,10
1078067204,603983874,25165984,0,2,2,12
50364417,201851136,2147484682,0,0,3,0
553657344,33620064,3149832,0,1,3,61
526416,553648641,136347776,0,2,3,0
268701697,33637376,134742040,0,0,4,20
562298880,39845892,67698944,0,1,4,2
2415921216,604045568,151126018,0,2,4,48
92278784,2149581832,4227204,0,0,0,23
151064576,100679696,2147493896,0,1,0,0
5374464,2149581072,603990016,0,2,0,0
263744,16812036,2101251,0,0,1,11
563200,2156003840,542375936,0,1,1,0
852096,131160,14696448,0,2,1,13
554697216,1140850705,524610,0,0,2,15
673,8658960,197888,0,1,2,0
9011200,539230336,16777794,0,2,2,0
33554516,138413064,2768896,0,0,3,14
21495872,163880,8398976,0,1,3,3
1209008384,100679681,133640,0,2,3,23
402718976,2164262914,1140850700,0,0,4,24
1180168,279183360,134224000,0,1,4,0
536871554,304087056,134219072,0,2,4,15
2151817216,536875144,8913216,0,0,0,26
50593920,1075839048,201351168,0,1,0,0
2115,2228992,1107305472,0,2,0,0
2149646848,16793612,411042048,0,0,1,5
22020100,2107904,1350696960,0,1,1,6
1207959744,2216693760,268697857,0,2,1,4
135682,34080800,2172649473,0,0,2,14
1342193672,10498048,574619776,0,1,2,34
1477443584,8520200,4218881,0,2,2,43
2283798656,17321984,401440,0,0,3,64
21004292,1114304,1074004736,0,1,3,0
276824384,168296452,17170944,0,2,3,23
272638464,3766484992,134234177,0,0,4,0
21505,541075456,16810024,0,1,4,0
1074791488,805831168,2151809040,0,2,4,12
2218795008,402653824,33832961,0,0,0,29
8718336,268451846,67764240,0,1,0,0
537921544,4207104,2147483921,0,2,0,0
285737216,33570836,1073809440,0,0,1,23
2218786820,136316929,17039552,0,1,1,13
66320,268472328,135528450,0,2,1,0
2166816,8667140,1179920,0,0,2,14
536887809,285212684,2148008962,0,1,2,12
268568608,54525953,1073775872,0,2,2,10
75008,2152726536,8388770,0,0,3,17
134496257,18876432,1346371712,0,1,3,0
537920001,2281702464,84017168,0,2,3,16
525572,278608,1073746434,0,0,4,0
8847360,2214625282,1343225920,0,1,4,0
1073905665,266768,21037312,0,2,4,12
1342373888,16779270,344,0,0,0,32
657440,335577104,8458242,0,1,0,24
196648,13107328,2181040384,0,2,0,0
131362,270540864,1074003977,0,0,1,0
285474817,46202880,1208487936,0,1,1,13
1074528320,17827848,142672896,0,2,1,5
276832272,537018624,2147549250,0,0,2,0
1140853248,41976064,524338,0,1,2,12
2164916224,263297,1146093568,0,2,2,14
402653700,229392,798720,0,0,3,22
524929,272760834,2148567040,0,1,3,0
603979841,16781360,134283396,0,2,3,27
8471552,34635904,1140853248,0,0,4,0
553910273,272630032,167773188,0,1,4,7
17041416,4195393,604016640,0,2,4,0
302514208,12648512,2147487764,0,0,0,16
548872,872415296,38862848,0,1,0,0
289931264,671096833,8456208,0,2,0,0
67404288,402657312,2150105089,0,0,1,0
5251328,144703616,553664513,0,1,1,0
2148532227,52428864,9044096,0,2,1,2
536944672,19398784,4362,0,0,2,49
270008321,281088,92,0,1,2,34
1076888064,738197760,281034752,0,2,2,12
34608128,16777313,4980738,0,0,3,66
285212808,4227616,67244034,0,1,3,15
2684354640,67109664,155189376,0,2,3,38
33644544,537920640,67239941,0,0,4,0
18444,297795584,1611661314,0,1,4,0
38010884,17302530,1075839504,0,2,4,0
268436738,67109385,687865860,0,0,0,6
1073741924,8455169,268436352,0,1,0,5
9568384,268436034,50331657,0,2,0,0
5246992,2281719808,268705856,0,0,1,15
8438784,138412608,10624,0,1,1,0
546308352,786624,1207967760,0,2,1,17
3221229569,503316480,3120,0,0,2,41
8388741,553910336,134218498,0,1,2,0
1091568128,2151679040,229632,0,2,2,22
84017184,13316,1342242832,0,0,3,14
2148532320,25214976,1077936264,0,1,3,16
301989928,1207960592,536936706,0,2,3,0
268485632,35651664,3222276096,0,0,4,0
67111426,1114117,304087104,0,1,4,0
1108344834,4229136,263201,0,2,4,28
2185240576,76546560,17694720,0,0,0,36
134221858,268509696,562036737,0,1,0,0
100671520,134481924,2166792,0,2,0,38
140509440,536895492,285343872,0,0,1,14
1300,25165858,302006280,0,1,1,0
2147745826,135552,2121732,0,2,1,30
34079264,2147492098,268632128,0,0,2,0
75780,3238002690,4882432,0,1,2,0
524805,8429632,1275330560,0,2,2,0
1179651,50333760,541327364,0,0,3,0
276890112,33797,201852928,0,1,3,12
1217396736,2684878912,2101520,0,2,3,0
5260288,16973826,536871457,0,0,4,0
1074860032,16777616,4719620,0,1,4,40
50364424,17666,1073750052,0,2,4,0
3145776,4265984,3221226504,0,0,0,13
268697665,25170048,2147500320,0,1,0,16
536954880,1124073984,201331712,0,2,0,15
1744830480,1048737,8421952,0,0,1,26
2244609,805306388,2147755008,0,1,1,0
1216348161,1449984,21008,0,2,1,41
2157971456,51511296,820224,0,0,2,5
10747936,16859152,12808,0,1,2,21
155197440,537935874,1073742496,0,2,2,0
805314816,4456976,38944,0,0,3,47
302006304,1074397312,12619776,0,1,3,0
2147615248,538443840,1107361824,0,2,3,14
33563008,287309856,1077968898,0,0,4,4
2147516422,1074012192,343933184,0,1,4,15
327692,1057824,270532880,0,2,4,0
134385664,2098692,33572880,0,0,0,39
270540802,554176512,5374016,0,1,0,0
269287424,41960448,2261120,0,2,0,26
2181316608,605036544,268567042,0,0,1,21
536875137,67117068,268517440,0,1,1,2
137428992,536876288,524385,0,2,1,45
67438592,33555473,2172653568,0,0,2,21
1084227586,537206784,168296456,0,1,2,12
1073774852,134365192,2718957568,0,2,2,4
1073873424,268959816,2147549441,0,0,3,4
805847040,33621056,1141113088,0,1,3,17
142618624,71337984,16777347,0,2,3,39
34619520,16783616,2160590848,0,0,4,28
2098440,25296912,402690048,0,1,4,0
135528704,4178,604012548,0,2,4,0
2155888656,100665346,16810017,0,0,0,6
1409286145,142610944,262166,0,1,0,14
1573896,2147745840,1342185473,0,2,0,0
1343520,6308352,8524800,0,0,1,14
1091600384,2147565824,205520928,0,1,1,3
1065,1207963652,2684356624,0,2,1,14
25313280,2281734208,4617,0,0,2,14
68157704,33689601,17042432,0,1,2,18
34825,2282749984,6292032,0,2,2,0
524554,537985152,335560708,0,0,3,0
2230336,134283400,536871185,0,1,3,3
15728640,3221241888,671617024,0,2,3,0
2214658064,270016512,16781408,0,0,4,37
671090689,76021768,34668608,0,1,4,66
805306944,9437320,1111752704,0,2,4,32
1078067456,2565,2148009088,0,0,0,0
4735040,262277,536871208,0,1,0,14
264336,25202688,805380096,0,2,0,4
2147745864,33156,1082654736,0,0,1,17
2147484480,1053824,570458144,0,1,1,7
2097420,2164277312,402653698,0,2,1,0
3277824,268714048,549486592,0,0,2,0
419430401,3146016,33561088,0,1,2,17
184549378,67113220,13107232,0,2,2,25
262179,6422784,2148548736,0,0,3,0
1572900,4460546,1258291200,0,1,3,0
1077936656,805314561,299016,0,2,3,14
1079246848,537403648,98440,0,0,4,43
809631744,44044288,16779394,0,1,4,20
33837056,29360160,2149588994,0,2,4,4
67141890,2164271104,1078460417,0,0,0,13
67125440,1312784,539492608,0,1,0,0
51712,2818572320,33685633,0,2,0,0
2097442,1212678144,67387456,0,0,1,0
4676,147,33623040,0,1,1,14
805308420,84149248,2147520544,0,2,1,5
343932944,426112,50331688,0,0,2,5
67141652,134220544,65760,0,1,2,0
2152726536,66565,637534336,0,2,2,20
153096192,33556610,2148008961,0,0,3,0
270550016,1074274336,65810,0,1,3,13
33595400,16909313,537935874,0,2,3,3
2214595072,1073750040,2166786,0,0,4,4
1149239552,66144,536880144,0,1,4,14
40994,37814273,3221357568,0,2,4,0
525888,134234242,1140981761,0,0,0,24
278624,671096960,6658,0,1,0,0
67174720,1879064576,4325394,0,2,0,0
2214592515,281018372,827392,0,0,1,16
4268160,1141374992,18907648,0,1,1,0
4458500,285213440,201,0,2,1,0
1677721604,270557184,1310800,0,0,2,35
203423752,1073905665,34620416,0,1,2,0
570425349,67184640,3407874,0,2,2,6
1342210050,673251328,2147483848,0,0,3,2
2151678216,805830657,3178500,0,1,3,17
2181562372,272760833,67174976,0,2,3,17
67764225,1208033280,52690944,0,0,4,25
81988,268470288,2148532482,0,1,4,0
67371044,204864,1073742992,0,2,4,20
19169280,33554584,805847040,0,0,0,0
75499552,2149585408,536879110,0,1,0,0
67371137,545783812,2147491850,0,2,0,0
2148012048,35717184,1620049920,0,0,1,2
83887168,2148663297,536903952,0,1,1,28
2109442,2147485248,16536,0,2,1,17
268566912,138420228,68162048,0,0,2,27
90176,527872,1207963904,0,1,2,50
541114368,135312,2163776,0,2,2,30
402653760,1086324744,1310977,0,0,3,42
2622496,22022144,66240,0,1,3,0
37749761,2148012036,16779394,0,2,3,0
2149580818,285237248,4786176,0,0,4,33
16785442,2214723588,813695488,0,1,4,0
469762304,1090521104,8389125,0,2,4,14
16712,565252,1078001680,0,0,0,15
3221229576,570425601,2114592,0,1,0,23
16793984,67633185,2684366848,0,2,0,0
1677721616,8405064,21233792,0,0,1,20
268976256,150995201,67437056,0,1,1,12
2149581184,134480386,541073472,0,2,1,13
134250536,302252048,1180800,0,0,2,0
2151687168,67109016,287310080,0,1,2,6
4719360,268451845,1075840128,0,2,2,0
163845,268436994,33882240,0,0,3,0
1075843076,8360,117473280,0,1,3,26
1073767424,17305608,3145793,0,2,3,43
272629772,2181046784,539230336,0,0,4,20
1179777,2686713856,1107820800,0,1,4,0
2415919361,153108480,570949636,0,2,4,21
73796,144736256,1410,0,0,0,36
1318914,67634180,2181070912,0,1,0,14
2147876896,138477696,536640,0,2,0,13
537042944,3078,2148794369,0,0,1,2
67109144,17074176,538973184,0,1,1,0
1311233,67248256,167772184,0,2,1,0
33816593,67305476,2148041216,0,0,2,0
369164288,16777505,37892,0,1,2,35
54,100671616,2147647496,0,2,2,13
34320,71843840,17047808,0,0,3,6
1073750160,2147778561,808,0,1,3,17
2155880704,537165828,291504128,0,2,3,15
402653204,58720264,541077504,0,0,4,45
25175040,33554698,3289382912,0,1,4,0
134300160,335679488,33555496,0,2,4,0
16777237,538050568,1075856384,0,0,0,0
338690048,536871136,2147549208,0,1,0,0
603980036,2151940224,609,0,2,0,0
2164391944,35904,1140850817,0,0,1,14
2483028224,37945344,1073750049,0,1,1,30
134250754,19013632,2147488260,0,2,1,0
822084608,3355705344,67142176,0,0,2,0
1078067208,2415921216,134775040,0,1,2,0
268566608,75563136,5259272,0,2,2,16
805439488,50332224,2348818432,0,0,3,48
536871744,2239758336,4718736,0,1,3,40
1074268164,201343104,536875536,0,2,3,4
168192,134291458,34079360,0,0,4,0
12585216,268451864,2164260930,0,1,4,0
69206049,134482176,528402,0,2,4,24
33555328,268451849,9502736,0,0,0,0
269485184,3221258496,8914946,0,1,0,0
12583042,9284,134234160,0,2,0,0
13369344,2104,67133696,0,0,1,36
2147505152,19136576,139424,0,1,1,2
8388629,2147565696,2129986,0,2,1,0
2416246784,1077944322,58720257,0,0,2,28
1048992,526912,138413072,0,1,2,21
570425858,75792384,134291584,0,2,2,2
2147533056,211812352,65588,0,0,3,26
163846,542113793,41951360,0,1,3,0
10551808,33718336,2751479808,0,2,3,0
545276160,67624,100925504,0,0,4,16
805309440,1130497,35651652,0,1,4,15
1067136,25169952,536879121,0,2,4,0
270549008,34079872,68160,0,0,0,13
17432578,1476395040,8395776,0,1,0,0
2109952,2148532320,537035008,0,2,0,0
2281766976,16560,537921538,0,0,1,44
136581120,16779648,269516802,0,1,1,11
1141899776,555745284,41967616,0,2,1,6
67375120,2684370948,1146881,0,0,2,4
1090519064,134743104,33283,0,1,2,5
134220832,25198720,1069312,0,2,2,0
557065,2198863872,4195600,0,0,3,0
4196424,2147483952,301989893,0,1,3,15
4199440,688128000,1081601,0,2,3,20
270542848,67633665,2281767168,0,0,4,11
2215772160,268959753,1090519170,0,1,4,2
2147745857,67109032,21110784,0,2,4,40
1610645632,135684,134219810,0,0,0,14
312320,71303171,2181103680,0,1,0,0
82560,263202,1124073488,0,2,0,0
18907168,2684371008,134291458,0,0,1,0
570426624,269223936,144704000,0,1,1,12
100663432,1077938432,2419064832,0,2,1,0
1075840512,4391168,135278592,0,0,2,13
587202688,4194318,50192,0,1,2,6
540684,229888,38801408,0,2,2,20
1075843076,13632512,537067536,0,0,3,28
1158152192,1824,2156003392,0,1,3,0
1610612802,4214785,16975872,0,2,3,35
604241928,622608,1073741891,0,0,4,2
1208483841,2147489796,328768,0,1,4,12
133440,5505056,2147500037,0,2,4,0
42467840,675414016,1048800,0,0,0,0
67117121,1074806800,34146304,0,1,0,0
2214723592,301990432,138412038,0,2,0,2
1312772,5392,1342242848,0,0,1,11
2158034944,262296,1207960608,0,1,1,10
8521760,285278720,671096834,0,2,1,0
8389776,570425380,403177984,0,0,2,0
142672128,557842496,34604544,0,1,2,15
262217,135298,134252800,0,2,2,15
54530048,294,2281766976,0,0,3,0
69206040,268500995,1207975968,0,1,3,0
1440,303042560,10249,0,2,3,0
1141899328,42496,536870968,0,0,4,21
813711360,7170,100729088,0,1,4,11
1048660,570688512,3221258496,0,2,4,29
1105,75763712,536873092,0,0,0,11
12587016,1073881344,537919617,0,1,0,0
134349313,2147819520,806387712,0,2,0,0
2165760,2415923264,134742064,0,0,1,0
1065026,2164261121,2102400,0,1,1,0
1142948096,402718722,12730368,0,2,1,17
67796992,536871433,8470656,0,0,2,26
540016896,8520208,138952704,0,1,2,20
285212706,77840,1109393664,0,2,2,0
268435498,537444352,75497601,0,0,3,10
1074006528,67141642,17696,0,1,3,36
9437224,536872256,67162112,0,2,3,0
276832258,3221618688,138444801,0,0,4,0
136314948,604012546,8248,0,1,4,0
1073817600,27263040,403718144,0,2,4,13
542130176,2483093504,1074004544,0,0,0,15
1612840960,34079488,21233666,0,1,0,4
136318980,2147516736,92274720,0,2,0,10
310386688,1074268168,553681024,0,0,1,22
1073742402,17170440,4202513,0,1,1,19
2415919264,37879810,134218320,0,2,1,22
335548420,8912976,6340608,0,0,2,22
2420637696,2359488,1082147072,0,1,2,23
2181038210,35076,402653208,0,2,2,4
8781888,135299584,608174096,0,0,3,0
540675,1342186496,101777408,0,1,3,0
553943040,1074266132,138551296,0,2,3,0
268976640,136347904,2189426692,0,0,4,0
1074794497,573448,3108,0,1,4,5
1080033344,2148532257,90128,0,2,4,6
73992,671219728,3288334340,0,0,0,0
1082130442,2684387456,33573120,0,1,0,0
136320,524337,838893568,0,2,0,0
4195424,1409286145,570953728,0,0,1,0
310509568,2083,2168455176,0,1,1,9
4718609,201359392,2164269058,0,2,1,0
1074544640,35651650,608174096,0,0,2,47
201883648,2181042184,805306448,0,1,2,17
37748868,135275520,1074022400,0,2,2,0
134283297,16787520,1342181888,0,0,3,0
671113216,268437792,41943043,0,1,3,23
152044544,569344,1140983808,0,2,3,14
1175453696,134496260,561168,0,0,4,41
135426,1073750021,406880256,0,1,4,0
2818048,545261600,269516928,0,2,4,0
1064972,134349568,37814400,0,0,0,32
33554458,1581088,2363456,0,1,0,0
2216689792,1073774658,272699392,0,2,0,4
16708,536879618,1073,0,0,1,11
2155872576,67109922,151011329,0,1,1,5
1065032,8454784,675282945,0,2,1,0
2222983168,436211712,18088064,0,0,2,8
10498,4720128,2684502016,0,1,2,0
268730400,12585216,2685403264,0,2,2,13
573441,1077938208,2147758080,0,0,3,0
272695300,67109379,41977856,0,1,3,2
4196616,2621632,2147746817,0,2,3,4
536936544,10504,1074040832,0,0,4,35
51380226,268486656,201327617,0,1,4,0
76611584,2686451714,4227144,0,2,4,10
268959816,1073280,69207041,0,0,0,30
150995016,838860832,2218852352,0,1,0,0
537395266,36701184,8650785,0,2,0,26
274440,41943300,2131984,0,0,1,15
2155905152,67174466,131128,0,1,1,33
5275680,276833280,1124335616,0,2,1,0
67239953,34607168,1074003978,0,0,2,0
10504,537035776,100667520,0,1,2,14
589968,270663712,167772417,0,2,2,0
301991940,164128,67109057,0,0,3,6
4202544,67244288,2148565000,0,1,3,0
8470656,1140850760,2183135264,0,2,3,0
34095105,8389728,83888132,0,0,4,0
3670017,3288334352,4195074,0,1,4,0
406847552,83886600,2684362756,0,2,4,0
69369856,134750212,16793680,0,0,0,0
83887616,1350565889,2181038160,0,1,0,0
2103304,5259266,1342447616,0,2,0,0
69533696,4260,536872200,0,0,1,30
16818208,2113548,268436098,0,1,1,16
270532752,565256,1073938688,0,2,1,12
604110976,1074872320,2164260960,0,0,2,0
32866,1090527248,2282750464,0,1,2,0
1074299904,65804,131744,0,2,2,31
198672,1074790532,539000834,0,0,3,4
5374208,1208026112,526849,0,1,3,0
538050592,2281717761,67596,0,2,3,21
150995040,1610678276,339739136,0,0,4,0
201327632,10498048,1111752704,0,1,4,14
1612709896,71305218,18358272,0,2,4,43
1210056832,545267728,20987906,0,0,0,15
269484608,73924608,16781456,0,1,0,41
1811939328,526353,9441284,0,2,0,64
1149243392,301990017,2097250,0,0,1,45
100667456,2282749954,545325312,0,1,1,0
34079248,1082134560,272392,0,2,1,0
66312,2147631136,1744830528,0,0,2,0
1141440512,2147483952,268452865,0,1,2,26
67112993,570425858,2156398592,0,2,2,24
68157698,151027713,1082131072,0,0,3,0
4227600,417,42469376,0,1,3,0
4358148,872415360,11075584,0,2,3,0
2152734720,167773216,393348,0,0,4,44
37888000,2149580836,402917376,0,1,4,0
1073889536,2214600708,3147904,0,2,4,0
673202176,1074792512,8429600,0,0,0,26
67110952,536875280,7356416,0,1,0,14
537952257,2752640,2147483924,0,2,0,0
18087944,1140852752,33554817,0,0,1,0
134750212,131593,1124106240,0,1,1,0
151060512,268435724,536872449,0,2,1,21
67633218,147716,1207962112,0,0,2,11
142606466,233472,83902465,0,1,2,0
8524032,36192256,1207967760,0,2,2,0
539492356,32936,33562642,0,0,3,23
16580,68159490,138543120,0,1,3,0
134480192,1116168,542208,0,2,3,0
2282750976,1145045056,50857984,0,0,4,22
1075840004,655426,71319560,0,1,4,11
3145888,4260098,1417674752,0,2,4,0
3600,1074331712,2168455176,0,0,0,0
1342177664,536880129,2147614732,0,1,0,2
2163456,84418560,2281734146,0,2,0,0
137364480,630784,4194821,0,0,1,32
67744,1074020416,2952921088,0,1,1,0
33574976,268435608,75531264,0,2,1,0
1050630,285212960,539017216,0,0,2,0
134218264,293605376,536937728,0,1,2,0
33947652,2231370752,16545,0,2,2,6
408944640,788482,1082131072,0,0,3,11
266258,525576,205651968,0,1,3,20
335553024,34896,138413312,0,2,3,20
1073905696,2183200768,335552516,0,0,4,20
2751463936,34888,73858,0,1,4,7
541196320,67146240,135006208,0,2,4,30
9046016,138424320,69271808,0,0,0,23
1075839042,2689073152,268435500,0,1,0,0
537141280,16781317,1638656,0,2,0,36
264198,2684359680,335609872,0,0,1,0
4505600,354418688,671090944,0,1,1,0
65816,1075847170,142999552,0,2,1,0
17668,336199680,1090584704,0,0,2,0
27328512,1140851008,134259712,0,1,2,0
1075839120,2147552256,45312,0,2,2,0
1075839496,545263632,33685509,0,0,3,7
75530256,2147484418,5505056,0,1,3,0
1589376,673189888,2147493920,0,2,3,0
67502592,1573920,539000840,0,0,4,0
135188,268501505,2148533376,0,1,4,10
34145280,16777229,2147516434,0,2,4,0
4195464,2148565008,16777254,0,0,0,0
672137280,2147649536,12587024,0,1,0,25
1073873216,2692751360,268960896,0,2,0,0
131160,1209008160,33564674,0,0,1,21
265344,2130177,2449473552,0,1,1,0
524577,33947776,83888136,0,2,1,0
67403904,1207976960,2099968,0,0,2,0
4210784,36994,176162816,0,1,2,0
39845896,329984,537399328,0,2,2,0
49920,69206208,2281703428,0,0,3,0
524295,134349376,2426880,0,1,3,13
33652740,276824208,2149582850,0,2,3,4
1312896,33555480,285216800,0,0,4,0
136317184,34095112,268436016,0,1,4,0
24642,270532752,1074397185,0,2,4,0
16421,67113474,2228296,0,0,0,0
131156,138675200,8423552,0,1,0,0
32929,1086326784,621019136,0,2,0,0
38043648,271056904,1207959812,0,0,1,0
1073760320,537265152,557313,0,1,1,12
1060992,67174468,557328,0,2,1,11
2701139968,1149239297,272646148,0,0,2,19
553664640,65826,297024,0,1,2,13
67118144,8781840,3221227522,0,2,2,10
3154048,554041344,49920,0,0,3,29
339738628,1074528768,16851072,0,1,3,0
68157464,98592,528960,0,2,3,21
2359426,268505344,1111523328,0,0,4,4
2097441,268959936,25239552,0,1,4,0
1073874976,69206273,5046272,0,2,4,20
135275520,2147483732,330240,0,0,0,0
4788224,17047556,8405568,0,1,0,14
68157449,58785792,264832,0,2,0,15
1610875904,131209,34112000,0,0,1,14
1064970,807404032,16782464,0,1,1,0
10624,69369856,813957120,0,2,1,0
1078099968,1065152,167776768,0,0,2,20
2684616768,7372800,67126016,0,1,2,40
1342177664,2751463440,134750210,0,2,2,0
540801,2148663360,1090525184,0,0,3,0
620756994,33817104,2151702528,0,1,3,0
8389216,4243472,2147880960,0,2,3,0
12615712,655744,16785414,0,0,4,10
542121984,100663316,2147746305,0,1,4,0
547364864,54525984,134217859,0,2,4,2
87031808,139394,805308417,0,0,0,0
8405122,1075052800,4200512,0,1,0,0
2684486656,13631496,1073742354,0,2,0,12
469794816,2164260897,34080832,0,0,1,34
402653202,196737,2155896832,0,1,1,17
138444928,2359330,135180,0,2,1,14
17563712,1610629376,41008,0,0,2,0
545261632,1078985216,268436492,0,1,2,4
1342259200,2147483760,671612929,0,2,2,26
23134208,168820737,8389392,0,0,3,0
268443936,34619904,2222983168,0,1,3,25
1090560000,2424307728,1065032,0,2,3,0
285213728,1074266121,2147745984,0,0,4,0
101712896,8390661,339968,0,1,4,0
285474848,1082132736,2149728256,0,2,4,13
2281702416,8458304,538968832,0,0,0,15
2418020352,1074004994,150995712,0,1,0,22
819204,198658,608174208,0,2,0,0
2164260912,268439557,33587330,0,0,1,35
25167874,270532868,2181104128,0,1,1,0
2151811072,672137224,36884,0,2,1,7
4138,2149613632,536873988,0,0,2,0
2099217,536887812,2148139040,0,1,2,0
75530496,537657348,20576,0,2,2,0
33816624,218234880,2155872448,0,0,3,0
2684420160,33664,35660800,0,1,3,7
2359364,34111489,67120128,0,2,3,0
2164267008,603979794,268435784,0,0,4,4
266624,2415919110,100664832,0,1,4,0
1207960065,2147508232,549453828,0,2,4,0
35659784,8979456,1346404352,0,0,0,4
50397216,1212153864,2147485186,0,1,0,0
33620512,8388634,2164527104,0,2,0,7
134291520,2151678480,1073873056,0,0,1,36
276827136,74242,33570896,0,1,1,6
2415919233,1644171264,4521986,0,2,1,4
34734096,29425664,67633217,0,0,2,24
262417,578813954,1101824,0,1,2,0
2701131777,1141121024,34603026,0,2,2,17
2151678528,277350400,270466,0,0,3,16
8289,1207961602,4751364,0,1,3,11
545292320,2147549190,134234625,0,2,3,10
10493954,671088776,280592,0,0,4,15
4259972,2684359168,2230288,0,1,4,0
272728064,2148532242,33947776,0,2,4,0
276828176,1048649,537264160,0,0,0,12
35655712,912,269549570,0,1,0,10
1107427584,2097196,9296,0,2,0,30
536879110,266305,4228352,0,0,1,27
1082130946,4195600,436207620,0,1,1,6
25175040,134353152,2148073474,0,2,1,6
1074135048,2149057536,12582918,0,0,2,12
41949184,67183616,272662529,0,1,2,0
541824,336592897,1744830466,0,2,2,0
22021120,67633282,10490112,0,0,3,0
10493968,3221356545,150996994,0,1,3,4
33304,574620672,402653472,0,2,3,0
41975824,2684878849,3276832,0,0,4,0
671097088,2147616800,69210176,0,1,4,15
2156400640,4473088,1541,0,2,4,15
1197056,3292528640,536873280,0,0,0,0
1158152192,536879184,33951744,0,1,0,17
41944066,2214854784,17375232,0,2,0,0
268505104,603998208,50364672,0,0,1,14
537002001,73762,4456460,0,1,1,2
541327376,197633,1074274312,0,2,1,20
2150137856,33555202,1358954624,0,0,2,14
1410,2149597216,75759632,0,1,2,0
538969089,133760,33554694,0,2,2,2
2099296,336330752,134262784,0,0,3,0
16800,10493953,2214592524,0,1,3,23
1090519184,537214976,1056802,0,2,3,24
197664,75499524,537141376,0,0,4,0
2290106368,16909440,65617,0,1,4,2
134488072,268472321,3147008,0,2,4,21
2181301248,16795650,1053216,0,0,0,19
553649154,8552464,2415929344,0,1,0,0
1075314816,137217,2147532802,0,2,0,24
536952833,6291490,1115685888,0,0,1,0
42206208,69764,524385,0,1,1,14
16785600,16680,1078068224,0,2,1,14
1704192,541329408,1140916225,0,0,2,11
939786240,67123200,8454432,0,1,2,64
720960,1082134656,18876432,0,2,2,30
285739008,8425480,147984,0,0,3,39
67111940,20975680,538968097,0,1,3,17
262186,268575232,704644096,0,2,3,0
67109144,14745600,1209008132,0,0,4,15
134236224,2189427712,19144704,0,1,4,11
2415919872,4196,1744863232,0,2,4,4
4784130,18088192,1207994368,0,0,0,0
268444168,1090523168,2217213952,0,1,0,0
16779522,75530256,537002560,0,2,0,4
4376,562036800,33555073,0,0,1,0
2584,134225988,50987008,0,1,1,0
3221225616,4202753,144965632,0,2,1,4
2182087168,688130,85983264,0,0,2,23
167774336,1085504,1140867088,0,1,2,0
1064980,134221833,807534592,0,2,2,0
134252545,2228290,34619424,0,0,3,19
537395714,67248136,42991872,0,1,3,23
134744080,3221225508,268435529,0,2,3,0
139332,4211201,34866176,0,0,4,33
26247168,4178,402653700,0,1,4,0
655624,25166880,2720006144,0,2,4,0
