1076374057,738592132,332484608,0,0,0,57
536943258,3229222144,386162721,0,1,0,0
1382680064,68225400,562098305,0,2,0,18
2219005954,1074825009,841490632,0,0,1,8
1250459717,356912160,2150720136,0,1,1,42
136659086,298976336,3858793248,0,2,1,0
707559472,2243969155,1074933512,0,0,2,41
839385685,93334664,2154090784,0,1,2,36
35897666,2895642660,289412753,0,2,2,0
2298878144,1412956167,583050528,0,0,3,46
537103491,2183680524,278143344,0,1,3,4
742949002,286275633,1118111236,0,2,3,16
818422416,3374716928,100713828,0,0,4,36
960565282,3222676740,41994952,0,1,4,19
751075616,2183139024,1343819790,0,2,4,0
2265057336,541943296,1083216197,0,0,0,23
251661476,1357923072,2684694553,0,1,0,0
1079270416,16974187,1040196228,0,2,0,4
1211665024,2705350768,335938827,0,0,1,18
9531420,3657695904,623512578,0,1,1,46
2190151690,339748800,1745897509,0,2,1,8
270666267,52171908,2361459040,0,0,2,2
2720203074,71866916,286540945,0,1,2,30
2298552628,4068488,1719715842,0,2,2,44
872614154,157073409,2189431988,0,0,3,6
549896321,1124139876,2552761354,0,1,3,0
872450760,2332041494,1089995809,0,2,3,30
344021121,51512604,3361743394,0,0,4,10
3221900040,206831782,864063505,0,1,4,9
84301328,2818638245,314615818,0,2,4,0
335807984,3225526286,61999617,0,0,0,38
1032848416,2181423362,1078467145,0,1,0,38
279283201,140009528,3791786432,0,2,0,0
16858385,377635368,3761275074,0,0,1,11
551572504,3507519649,67840070,0,1,1,0
335594822,567025824,3355511321,0,2,1,21
540027444,1480610113,2232255496,0,0,2,14
370160152,1627819040,2160083398,0,1,2,13
277455906,1661341825,206586452,0,2,2,16
96603145,2586841604,1611424096,0,0,3,0
539084384,2584481928,93462804,0,1,3,0
1619012016,5948482,2552303629,0,2,3,39
1091784848,37782859,881338404,0,0,4,29
1186996328,2434078736,673236101,0,1,4,41
2316732424,344470146,23070065,0,2,4,17
225633,52691610,3368584196,0,0,0,25
69675073,146822186,3523772564,0,1,0,24
1644560744,2221445249,160457748,0,2,0,24
2216778016,839418568,152183829,0,0,1,23
671105615,2499807664,1113269248,0,1,1,0
2198872676,808353795,213916936,0,2,1,9
537506352,2449605836,1297105153,0,0,2,25
3494957120,679813172,52956545,0,1,2,59
672680076,2200313890,1145147969,0,2,2,37
1215309953,9061732,2986611210,0,0,3,46
2969601286,1241858121,76167808,0,1,3,16
2425390244,1074096147,122163784,0,2,3,32
405562432,3230734354,641893248,0,0,4,36
3892449417,273976400,119563010,0,1,4,58
1377840131,13488256,756154456,0,2,4,18
1249247264,84453008,276895759,0,0,0,53
957743170,2147562265,1109969028,0,1,0,46
2389510,1321306112,2702704841,0,2,0,0
76050048,940605808,2170945543,0,0,1,0
2433751620,577249336,209995137,0,1,1,49
1350578484,678955074,50774664,0,2,1,32
83954580,1618101250,2550702177,0,0,2,0
155517011,1144653860,2994751232,0,1,2,0
2255052,2886565904,1397756672,0,2,2,0
285544463,584075424,2284463680,0,0,3,0
3978300416,8847542,37777993,0,1,3,97
578896274,2550834177,85989992,0,2,3,0
2202173762,1621173776,470288525,0,0,4,6
2317976577,1158693134,818295296,0,1,4,18
423724041,1141655828,548548738,0,2,4,0
3032085,1015054410,3260092704,0,0,0,0
2738949184,1143997330,446509,0,1,0,28
2487259522,136341624,1645348357,0,2,0,4
2238710913,973099288,1074629216,0,0,1,31
550555696,2617378889,1093468930,0,1,1,28
806569280,218675208,3267362867,0,2,1,11
338170138,1091616965,46476800,0,0,2,13
135475228,2422751809,1132757378,0,1,2,22
2194736264,872691792,1226981414,0,2,2,6
17175333,1321273346,2954945664,0,0,3,4
1149254018,174113801,806813808,0,1,3,50
202524868,2449744153,566268962,0,2,3,51
236982380,3238249488,273163139,0,0,4,35
3296986154,21654272,975175877,0,1,4,19
2729444866,419749968,1074333997,0,2,4,17
1881473680,2396029184,551021,0,0,0,4
1880359435,220316800,2194149460,0,1,0,33
2684397765,85328426,442581264,0,2,0,56
139528966,889196745,2942000,0,0,1,0
1355024529,553805324,2249752928,0,1,1,8
337773226,1095834688,2315559185,0,2,1,9
838870061,208273794,3229915216,0,0,2,15
1226645536,604131482,304089925,0,1,2,63
84813088,2152792277,681581066,0,2,2,0
195047444,2483570209,1615202570,0,0,3,21
19173526,236126473,3502254624,0,1,3,0
2266366088,810092805,144757296,0,2,3,23
3288411184,304140865,568066312,0,0,4,58
1755578536,72442688,2181172247,0,1,4,19
75706892,3762309217,154404240,0,2,4,0
2500592258,1617141792,177216521,0,0,0,15
8492512,2303991813,1680359946,0,1,0,11
1477316656,2251333644,25185986,0,2,0,31
2300657992,872683668,35291683,0,0,1,29
34315272,1226834609,2224308548,0,1,1,0
25534753,3221361230,476597248,0,2,1,0
4110436356,37360137,142878098,0,0,2,39
4096536,1610636385,2340495618,0,1,2,14
295192648,1145471364,572593202,0,2,2,25
319291931,2352105504,541427136,0,0,3,0
341098529,2728395976,151202576,0,1,3,0
2391022592,1097891907,805913132,0,2,3,44
2703818774,315932680,134364449,0,0,4,36
196093960,541627970,2147959089,0,1,4,22
411341441,2721196036,1161839906,0,2,4,14
2457886993,624558090,1207999712,0,0,0,26
33945632,4244636161,12058838,0,1,0,0
402826313,10505122,1195905044,0,2,0,49
169410662,564277257,2487242000,0,0,1,29
21930113,2157986918,1242632968,0,1,1,0
5645836,847810689,3307227216,0,2,1,26
4610073,3659531270,85533120,0,0,2,0
273432621,3221333266,112203968,0,1,2,14
69829388,8532083,2337555456,0,2,2,3
2160658530,84161921,1913782796,0,0,3,15
1088472328,18223302,2584224304,0,1,3,4
139465618,2727166016,1426203653,0,2,3,28
1211149313,2147619564,633667842,0,0,4,28
138490633,2156562596,320095312,0,1,4,28
310515788,559440897,2217017650,0,2,4,14
1180962888,25332500,135816353,0,0,0,44
539230902,2306881793,306414664,0,1,0,0
339905153,3376152584,41960758,0,2,0,0
1074082860,2492106880,141558595,0,0,1,25
1616937031,2231907712,177358888,0,1,1,10
605031593,19108612,1489248274,0,2,1,27
50489876,952107233,1076925706,0,0,2,11
77648961,2034764288,2181439548,0,1,2,0
2155086161,50538636,1820348960,0,2,2,36
1085293456,675354668,2248287299,0,0,3,21
678707218,2432739873,1182863808,0,1,3,14
4065345664,919674,159429892,0,2,3,61
1515216928,604669002,19208833,0,0,4,68
2592145796,621941281,1076683792,0,1,4,20
1209076897,562348368,73937414,0,2,4,36