606412832,1090667777,402686042,0,0,0,4
2416509194,85073985,44339712,0,1,0,17
135016465,38813740,270665282,0,2,0,10
2755690501,135357568,1116471616,0,0,1,31
8553098,136063040,272696369,0,1,1,0
403833350,662700161,3221563408,0,2,1,0
807666052,3355447848,21127233,0,0,2,4
1235320832,38277142,67395745,0,1,2,47
469893265,1614815276,2902592,0,2,2,0
68190350,562696224,134553921,0,0,3,14
51006464,3481760,2692780052,0,1,3,0
201329705,547135488,270733444,0,2,3,0
608438340,8431264,404766994,0,0,4,30
3356493440,570568769,80314400,0,1,4,35
2416511105,604004408,163579396,0,2,4,20
203443202,588251968,1343029384,0,0,0,4
2214613284,671678475,1131413632,0,1,0,5
9642002,35691136,273417249,0,2,0,19
436207910,540181568,3313508353,0,0,1,0
19966016,3225682704,109072396,0,1,1,51
576192517,2281972034,1149256216,0,2,1,0
1208012288,41951322,624955425,0,0,2,67
2483073088,27787529,705955968,0,1,2,45
169410720,16925203,1082405184,0,2,2,34
136585380,4915536,2450556936,0,0,3,15
2164529232,705823240,337690884,0,1,3,33
579862661,155615488,268506216,0,2,3,7
679740422,2415984977,1078505984,0,0,4,2
9012258,606101648,440795392,0,1,4,0
50356245,1144001600,4817312,0,2,4,24
2281701605,537755906,1350705680,0,0,0,32
22564868,1176502339,545268400,0,1,0,0
87368,2533361665,13508624,0,2,0,0
704643843,68694176,289539140,0,0,1,26
3263177472,404799617,72877152,0,1,1,65
637568009,273750528,136462724,0,2,1,16
540049422,168050881,8594976,0,0,2,31
2157971844,1413496866,152830977,0,1,2,6
2166259712,77603105,1476398596,0,2,2,49
1124086274,10584105,4999552,0,0,3,41
10817556,2152874752,369101896,0,1,3,0
136391172,67814401,1078202562,0,2,3,15
661616,2953053442,67133581,0,0,4,18
2164278594,135709,402983072,0,1,4,15
2223081474,35414272,16913953,0,2,4,9
2225750016,38831648,671416528,0,0,0,14
3221759233,805601928,9502822,0,1,0,17
453054465,5121056,2149615944,0,2,0,0
159428640,273285386,2717975060,0,0,1,21
1361052960,67446928,672793090,0,1,1,47
36737156,2751488514,272631081,0,2,1,0
646185985,2568030208,49962,0,0,2,0
270672962,67209860,2832203808,0,1,2,3
680534145,2149616928,319312384,0,2,2,27
2293831,939528360,93324816,0,0,3,18
269599234,1143210028,671613265,0,1,3,0
2206226432,805511264,134251543,0,2,3,7
2181120076,134781953,1615856162,0,0,4,22
1082724672,771754497,2167406732,0,1,4,12
1898973184,2181709844,67118219,0,2,4,4
70017025,1111623940,806420674,0,0,0,11
2686987264,155190145,343953476,0,1,0,58
301998740,2164297825,1208680712,0,2,0,0
604520984,45536,191889412,0,0,1,12
1059593,1080033394,956339200,0,1,1,0
2298609864,43032864,1344799235,0,2,1,30
1074596104,203587652,12587185,0,0,2,37
210829315,553653184,271074340,0,1,2,14
2294978,1078734856,806373889,0,2,2,0
302278672,1216774,3229615177,0,0,3,11
1476530216,2234515476,34381953,0,1,3,50
115852,872944160,1119092800,0,2,3,0
311722112,2283881984,558375184,0,0,4,21
50358340,67145779,1214775560,0,1,4,14
2969569286,109053073,1208103008,0,2,4,35
2199953409,1087653888,402850328,0,0,0,21
405340289,2156930058,1694630176,0,1,0,0
1947254784,4334668,2155940114,0,2,0,53
545670146,138445224,1174479376,0,0,1,10
570495362,2156953697,1073898004,0,1,1,0
9179171,1291854400,5324948,0,2,1,0
39141632,1084752913,2499807304,0,0,2,33
2215657516,34089489,1354989568,0,1,2,36
1090670604,41947008,2755690544,0,2,2,5
86310918,301998992,2828010504,0,0,3,0
2132266,147988484,1409827456,0,1,3,0
2232172560,571549824,8553994,0,2,3,14
659040,2290434052,1107337616,0,0,4,13
438800,2256535622,823656608,0,1,4,0
236979248,5255308,2684373762,0,2,4,0
881328672,3359656960,16777437,0,0,0,20
1584162,1281363969,2709782552,0,1,0,0
2759855616,17875236,404762627,0,2,0,6
34931584,2172682328,1879179302,0,0,1,14
885000193,2150203906,1090782488,0,1,1,26
8659113,1883246612,201360194,0,2,1,14
268977348,1191444993,148045826,0,0,2,35
2235638016,573046896,1343226499,0,1,2,14
35259552,2223046992,421808128,0,2,2,11
2160068904,33739268,623117376,0,0,3,12
2215125584,545265954,285556748,0,1,3,43
34346560,1343365250,85983537,0,2,3,0
79694992,20713536,1208115464,0,0,4,0
109838348,268469473,2165510656,0,1,4,0
42345728,153157699,6840,0,2,4,0
1393952,77598734,155877392,0,0,0,27
36048128,2149056626,1631600652,0,1,0,0
67262977,269254852,1753227282,0,2,0,0
2684568065,91230212,402687176,0,0,1,17
268437969,2282763268,76300298,0,1,1,0
2156536836,285280834,67129513,0,2,1,39
977273376,16811147,2223767620,0,0,2,20
570950410,154145824,336035968,0,1,2,13
44045569,3221783052,960514048,0,2,2,0
827326498,1075976201,42731072,0,0,3,24
1083212224,2248745,37760528,0,1,3,20
2166427936,104857802,1074839573,0,2,3,12
1075921041,2785153028,5285928,0,0,4,0
69861954,587220228,407113776,0,1,4,10
2152072228,1075905176,587747584,0,2,4,7
1126301736,2215419908,402719826,0,0,0,0
26378369,136327748,1979727904,0,1,0,0
738723858,1253893,3221505120,0,2,0,0
1075380369,689984000,71345164,0,0,1,13
336693280,50331853,15074320,0,1,1,18
1093173408,160080,2488270860,0,2,1,4
1011089472,53481512,157441,0,0,2,83
2317493248,1363151392,613482520,0,1,2,29
2235566209,276849952,574423040,0,2,2,12
2264924816,269115650,537233420,0,0,3,13
2113929224,304262,2153779808,0,1,3,14
872943688,3293600,2147558917,0,2,3,26
538009648,304092163,2349334724,0,0,4,36
371361792,2688823424,151012162,0,1,4,0
536898053,271586624,1157890200,0,2,4,16
138440721,1345454114,2197849664,0,0,0,14
69208211,38011720,1880178720,0,1,0,0
8915777,101122088,677397520,0,2,0,38
1105205248,2181922824,335569282,0,0,1,17
1879573824,153137280,264762,0,1,1,36
546392576,2285899937,1409843212,0,2,1,0
67764550,42221729,2690652176,0,0,2,25
34610689,3227648258,629473288,0,1,2,0
8487949,2147496722,742656032,0,2,2,0
277128193,3372222984,537477170,0,0,3,0
3489931288,4264486,750256128,0,1,3,47
3758097443,294011136,36798656,0,2,3,42
218185740,1614971968,2156931344,0,0,4,11
563617920,134611238,2487238721,0,1,4,11
134240284,1362166784,295904,0,2,4,17
17236056,2793938944,1073795364,0,0,0,0
816316428,16817232,206840064,0,1,0,11
151322788,541723138,3489662280,0,2,0,0
337670160,4525572,2827517954,0,0,1,14
2283847968,1980762112,4527620,0,1,1,4
2200174625,1409910784,8410896,0,2,1,18
1075085844,107480128,76073,0,0,2,41
19435586,2148682112,1115947064,0,1,2,0
21107272,1351647249,168314240,0,2,2,0
975176708,1075642560,75502360,0,0,3,23
84681248,47186001,3491759110,0,1,3,0
543168832,59023364,1275609136,0,2,3,55
3221259600,470695936,45101568,0,0,4,32
2450526211,211945504,17129492,0,1,4,46
2164281612,4360338,76285441,0,2,4,19
2684617237,22544426,1182798912,0,0,0,16
537334400,1076903950,2327838753,0,1,0,0
2249328704,673252112,297803816,0,2,0,40
2191540354,136183828,1157675008,0,0,1,29
89262084,671351201,1109935616,0,1,1,17
419430490,34246144,2157973793,0,2,1,27
2449517568,14811584,621036040,0,0,2,32
1342320832,140787972,2249293826,0,1,2,25
571610116,157287008,2491416714,0,2,2,24
1141932136,554369042,2290377728,0,0,3,15
2231370022,1207970384,5379201,0,1,3,5
805604416,35151908,1216413721,0,2,3,41
50398215,2286031488,880804136,0,0,4,0
1207959973,2183438400,626016272,0,1,4,36
2156927552,572801034,269058097,0,2,4,15
354959616,3355707464,538022416,0,0,0,0
419842048,3321888916,550535425,0,1,0,19
1211105377,50514176,541340162,0,2,0,53
1625292960,2248868096,134230612,0,0,1,13
1410465984,8393013,52956672,0,1,1,30
805961797,2223341824,135271600,0,2,1,2
1319752,1812021264,6427778,0,0,2,15
1610626568,25952449,2154971392,0,1,2,6
1342308660,2827256320,100685896,0,2,2,3
134219835,570541060,3311665152,0,0,3,15
17039669,551026824,1275119618,0,1,3,13
2185299080,1091346464,536894017,0,2,3,6
1074332356,37762072,2701132067,0,0,4,16
2885697608,1082394755,318800432,0,1,4,39
343941448,1091043478,172034561,0,2,4,21
271618068,1233666080,2185234505,0,0,0,0
52693010,268608096,68763784,0,1,0,0
29360905,1242047492,2416349200,0,2,0,0
677936,3223324170,5349633,0,0,1,10
54566917,673202264,2214857120,0,1,1,0
1075847370,2558853152,51922432,0,2,1,0
3490449664,78659649,37781658,0,0,2,67
2246787,2156957968,34415112,0,1,2,0
146277440,2147881252,1895858816,0,2,2,0
1828716802,314912,33689685,0,0,3,41
274990600,142649728,587223136,0,1,3,12
286547970,1109528840,2155939877,0,2,3,0
295714881,2186022944,68191120,0,0,4,31
27811842,2281769484,1681916065,0,1,4,10
278970944,17831202,2315266065,0,2,4,11
738216450,1107853337,9573536,0,0,0,20
2323644864,274204689,16855054,0,1,0,34
268896516,2357203073,1648377866,0,2,0,0
199970,578177,1912864836,0,0,1,0
2182091908,807731210,138993696,0,1,1,13
26492948,134226345,1141473346,0,2,1,0
543162661,2173116416,1594944,0,0,2,0
2217214274,436210721,1623269384,0,1,2,18
939590724,2248688160,19958032,0,2,2,30
9601106,71631648,3087556608,0,0,3,11
541360259,118031616,269505104,0,1,3,4
1694777856,2148016397,176297986,0,2,3,6
320868610,2282227280,613713920,0,0,4,14
1108608068,2292723712,289538818,0,1,4,47
3758753794,373302280,2150848,0,2,4,42
808454416,42239489,3226075148,0,0,0,30
1082196748,268586032,640163841,0,1,0,2
23134229,1208522880,604259592,0,2,0,0
68763653,169870992,268708192,0,0,1,0
2432697760,1074176528,69212229,0,1,1,17
16824640,1476461728,612631045,0,2,1,32
67645713,16876708,2829058058,0,0,2,0
3221368856,571525152,13370373,0,1,2,36
168890752,2418180108,12585074,0,2,2,0
239338624,1077414152,276930580,0,0,3,11
538501121,6357094,2147622272,0,1,3,11
2160594980,1107427921,83944576,0,2,3,2
344360960,3393192016,536957196,0,0,4,0
277365378,3375137,172239104,0,1,4,6
2751533185,143132448,1126172678,0,2,4,17
1276250114,537411809,54788364,0,0,0,57
537021698,2357235840,852081,0,1,0,0
2281803920,17451266,1085285380,0,2,0,22
2231372929,1215299856,814416384,0,0,1,8
1409291267,2822785152,17596468,0,1,1,10
1145324160,134257730,2701140264,0,2,1,20
73537538,1124106896,1844481,0,0,2,10
339774480,587727620,2150703113,0,1,2,8
671130690,2435449088,100943892,0,2,2,26
83888905,438370310,10109072,0,0,3,20
71501316,1076895848,562597904,0,1,3,0
67786756,956400128,2182088096,0,2,3,0
2443313664,671629578,362580,0,0,4,6
2166360896,205853696,278028416,0,1,4,19
100683024,537338048,3384803332,0,2,4,0
546308816,402706690,1078002725,0,0,0,22
2441609476,1308889104,6357162,0,1,0,20
805658752,88212737,1110966792,0,2,0,17
68730914,3764388360,8728720,0,0,1,17
1644173696,1254405,201622112,0,1,1,39
570434945,71516172,160436738,0,2,1,13
44085249,3221816066,67503216,0,0,2,14
107216976,25187592,1879605764,0,1,2,0
807710720,202375494,1078477872,0,2,2,35
69239892,2148155530,436283648,0,0,3,0
157286692,2148175360,67129545,0,1,3,0
2181116417,19169324,1409287616,0,2,3,25
3226492929,50398432,134519056,0,0,4,71
4224258,386924556,1611171969,0,1,4,0
2223772160,35766278,1074790761,0,2,4,2
76055809,1661215232,2168888,0,0,0,27
2248286736,5293248,1342969888,0,1,0,19
1078042664,806895746,2158362704,0,2,0,0
406865040,20219912,75506213,0,0,1,26
377634880,21496712,1610625061,0,1,1,48
9516048,274745920,2147647781,0,2,1,11
950307,201355408,31458564,0,0,2,79
20660224,2285936772,1644169738,0,1,2,25
445662208,1091375360,2214602766,0,2,2,6
1078544640,77627413,2550141986,0,0,3,17
2148571232,257949712,328585,0,1,3,59
859867136,8717364,135287426,0,2,3,21
277544963,2684372576,1109403672,0,0,4,0
1098908710,2350039040,2951240,0,1,4,29
1095246088,2418065922,1508357,0,2,4,0
44306564,558418,1477582856,0,0,0,0
4229411,92340300,1109804032,0,1,0,0
604318720,1128268480,135303434,0,2,0,13
2282373129,1619036194,285540740,0,0,1,17
33952080,2693793924,352428034,0,1,1,4
37755044,537527058,67462145,0,2,1,24
50544736,2685932672,274729477,0,0,2,0
34744353,566771728,1275105600,0,1,2,0
2013299968,2227181696,50733576,0,2,2,39
2292515328,1176010753,557846944,0,0,3,19
54546504,2694062592,1208485138,0,1,3,0
307953664,3774877840,69215010,0,2,3,0
1348539392,25461281,570968074,0,0,4,30
26350336,3657515008,296134,0,1,4,0
2147771649,73531406,194019360,0,2,4,12
3254796562,4391468,162269184,0,0,0,8
73401490,571605257,3490187840,0,1,0,0
277513224,121896966,671099280,0,2,0,0
347394,3024617480,1126171328,0,0,1,0
1073766667,84543556,537957536,0,1,1,22
2223587456,1644179716,21007936,0,2,1,26
27287809,139034816,369236480,0,0,2,11
2149208320,73666048,310386762,0,1,2,73
286818324,1141117096,136447554,0,2,2,33
2155879044,587399234,1275634688,0,0,3,31
405873664,33724992,1074528314,0,1,3,58
1214612,20976906,847577600,0,2,3,0
805732420,1145127440,19927426,0,0,4,39
1477459988,2705364992,75564105,0,1,4,48
1208485472,2508259329,6302084,0,2,4,11
1082474562,537930276,2466775424,0,0,0,0
2290157088,1075355654,539103377,0,1,0,16
1761607856,72380418,2450128968,0,2,0,19
271056953,1132594240,1339398,0,0,1,2
135404,268780049,3760750848,0,1,1,0
19014180,2617245784,42505472,0,2,1,0
134547593,1427112256,2181726724,0,0,2,22
319818768,5014400,2216779778,0,1,2,6
638845185,2148008658,285429792,0,2,2,11
2168720400,134971552,872431690,0,0,3,14
3893399552,13516832,69209354,0,1,3,65
2686456841,419471520,80281618,0,2,3,16
274796547,2215002632,1090561296,0,0,4,2
1327430,2219311776,287445009,0,1,4,14
739270658,1078264325,25172248,0,2,4,22
2160333316,553665872,369262752,0,0,0,20
3295150112,1059410,537215244,0,1,0,35
17569857,2281726086,1176568352,0,2,0,10
121766176,1074814987,413401604,0,0,1,20
234881368,805602820,3230670881,0,1,1,22
33753440,564154369,202907668,0,2,1,0
402694200,35392514,73416837,0,0,2,55
4252720,2483294592,680528388,0,1,2,11
1180173312,402724898,547397652,0,2,2,27
44237888,268438043,1615864192,0,0,3,0
78136352,268442500,2822930434,0,1,3,0
83886637,303056256,4921408,0,2,3,0
285223682,34750537,1216450592,0,0,4,12
1090588872,269225476,143671346,0,1,4,9
1075392576,1006665768,4197139,0,2,4,4
738340866,1092649601,2429812740,0,0,0,24
134285136,1348739200,34246666,0,1,0,0
4263185,1621098692,2298614304,0,2,0,0
444678160,2151819297,68683138,0,0,1,22
1140852072,2987540480,9021952,0,1,1,4
4282402,371204240,3221750092,0,2,1,0
2157973526,1677986817,168378912,0,0,2,17
2264991232,269625602,6328481,0,1,2,4
423641224,536949025,9077766,0,2,2,0
2350948354,16780684,570576929,0,0,3,43
270016650,79693360,3273785345,0,1,3,14
2853437456,25281088,1142950050,0,2,3,28
542639744,427917568,3254927377,0,0,4,24
1209534208,12714154,50409477,0,1,4,16
1234174480,2449998090,80068,0,2,4,0
163661824,34091021,1342341506,0,0,0,0
1091584050,2416246797,234893888,0,1,0,0
805344290,8995144,205654145,0,2,0,24
1109460128,4205336,94142464,0,0,1,16
42029200,151522313,1078068064,0,1,1,13
1114652676,17507344,939819648,0,2,1,25
101777681,268476972,1103368256,0,0,2,0
1083252756,2453932033,687882592,0,1,2,0
17434160,2717917322,81809472,0,2,2,0
271081475,79825216,554009728,0,0,3,24
144786176,1141903434,571113604,0,1,3,0
806080,546447874,205525272,0,2,3,0
101598208,2684361284,1081081993,0,0,4,0
71305521,403341888,1098981382,0,1,4,0
1619026064,2418082054,50991680,0,2,4,9
1300332544,2684499976,1311286,0,0,0,0
11013156,553922570,2214609601,0,1,0,14
1174667912,822149424,2281849924,0,2,0,4
37912866,555221576,134306944,0,0,1,0
2902458392,3457284,1388839936,0,1,1,37
2723020800,1359024146,10520104,0,2,1,37
2117250,201986312,1124081776,0,0,2,0
1094754340,8657426,2552234376,0,1,2,28
1075856914,545521829,470949952,0,2,2,7
21299284,67639338,1384169984,0,0,3,0
134224769,8724554,2182774788,0,1,3,46
34799940,12591267,690488832,0,2,3,0
877134464,104489,2190606608,0,0,4,5
604041344,2151284756,268504099,0,1,4,0
291635203,1083183888,2684438600,0,2,4,0
2434891792,67250848,33572163,0,0,0,25
269813280,2155925696,1077944598,0,1,0,0
220203104,570426894,3229729024,0,2,0,4
167813131,69140496,1369440832,0,0,1,11
558006290,1075385408,276840872,0,1,1,8
2298812416,881853056,1078477842,0,2,1,15
1141395521,145754248,50602768,0,0,2,48
2185758740,285475466,142696736,0,1,2,6
71462916,270534834,3758916608,0,2,2,0
33686915,23119888,470552640,0,0,3,13
554008609,1076900098,176702528,0,1,3,0
280240144,1611174152,214054,0,2,3,0
2823815178,1076011056,268701060,0,0,4,52
269105280,4261398,170131784,0,1,4,30
4817953,402679944,1075053330,0,2,4,0
542179860,3389538560,17052712,0,0,0,15
403260160,3238267908,539131930,0,1,0,0
276907042,17342725,1176502920,0,2,0,0
3229679809,739278868,308552192,0,0,1,16
2226135072,33685913,4266562,0,1,1,58
16945921,2420113612,674251792,0,2,1,0
35947138,538058840,3691053312,0,0,2,0
134435841,3223365760,344457538,0,1,2,0
1140876036,2162425904,671220747,0,2,2,0
554566148,304155656,1212158288,0,0,3,4
12681283,687868304,2148155944,0,1,3,0
36175992,763495424,272902657,0,2,3,0
8942848,1527775264,2149614218,0,0,4,0
17400388,68419642,2415940992,0,1,4,0
1627402336,271713664,2223276552,0,2,4,51
549519395,3424653440,17837376,0,0,0,0
11804752,1677791361,273187874,0,1,0,36
1612730380,25693504,138682913,0,2,0,4
2202010660,671879297,11552778,0,0,1,46
134349706,843137028,1867857,0,1,1,0
273433120,2164297859,177274960,0,2,1,0
1614844672,2283012152,27787333,0,0,2,20
2164533314,809599236,177210896,0,1,2,28
1143509504,17843592,2449932320,0,2,2,19
2418151496,218202369,575145092,0,0,3,30
2484469761,34083552,1094746386,0,1,3,39
2168651788,67392003,1377830032,0,2,3,2
369100312,151314464,13832194,0,0,4,47
269009176,3323207680,16780514,0,1,4,8
2358264064,1090596912,543197760,0,2,4,31
297795672,1141408033,2684687872,0,0,0,0
369361296,3222293506,159420932,0,1,0,0
2100176,672157730,2189590537,0,2,0,11
1140998220,1651072,23332384,0,0,1,43
70304008,1099107328,2415927522,0,1,1,0
2281709900,1623197744,305299458,0,2,1,17
168333329,1082393186,67266944,0,0,2,21
2197898304,79726610,1077416480,0,1,2,24
562323458,5244429,269189440,0,2,2,24
151660545,337969440,2161132608,0,0,3,21
101351490,555811352,2156938369,0,1,3,24
134758513,3289456644,302259328,0,2,3,0
403194628,25202896,1613769728,0,0,4,11
2820149249,1124336708,2230922,0,1,4,53
537955616,14696600,1392640068,0,2,4,19
1644822568,9515280,2438988290,0,0,0,30
546309386,1344340132,2382635520,0,1,0,0
83976352,3221260034,43520080,0,2,0,3
311427601,2363746,536978564,0,0,1,21
31465506,67682828,805377089,0,1,1,27
1103372289,2249196192,2199628,0,2,1,14
2233991328,570434129,5309708,0,0,2,28
1610812418,497025056,2182353153,0,1,2,20
67115346,2315780768,287466496,0,2,2,0
1355808816,2199928961,306436,0,0,3,23
952115264,68157859,1073958924,0,1,3,38
2298750977,537068818,73941508,0,2,3,16
4223297,1210845186,2952986664,0,0,4,0
1141899857,572541088,147460104,0,1,4,44
3338715136,277882890,140645392,0,2,4,10
159918592,1108492418,2147747128,0,0,0,11
302125187,1090791688,77135952,0,1,0,0
554435456,8619044,171987016,0,2,0,27
1107469328,2753562636,274530368,0,0,1,0
207635712,34867256,805351554,0,1,1,28
25198921,6435360,1914175492,0,2,1,11
151165440,2147509538,2883725,0,0,2,3
2688565322,320868736,1075347988,0,1,2,14
2819900416,42541073,272632516,0,2,2,61
2236613648,277512324,350280,0,0,3,37
554838080,2149581851,302780452,0,1,3,39
136585230,38847552,620890496,0,2,3,0
1110466624,2483060897,139265028,0,0,4,25
403186434,1107694600,76630017,0,1,4,29
1141383496,36113408,407900289,0,2,4,29
143629,272957552,2150679168,0,0,0,0
6951456,268747786,2383415552,0,1,0,0
302056006,2153791880,1209145360,0,2,0,0
1619132946,20989320,2215706724,0,0,1,4
167815186,286851168,2686587140,0,1,1,0
12716420,687964704,335573002,0,2,1,0
3774914816,139728904,276955730,0,0,2,59
2185298472,1227915268,277104657,0,1,2,4
72516104,539231554,1073809461,0,2,2,11
2692909072,335634752,2102917,0,0,3,6
172753153,352421920,1074811410,0,1,3,0
336081536,33884488,1216365601,0,2,3,57
2299008032,269494850,48414720,0,0,4,14
671834,169883776,4027580929,0,1,4,11
689963141,39460896,1409291016,0,2,4,17
708972546,69238937,1099973696,0,0,0,24
142807046,1092124737,2183138064,0,1,0,0
3703842,2466398209,1610679176,0,2,0,0
806113344,2261778436,1210130449,0,0,1,11
305156224,687867985,2223645696,0,1,1,0
3225437314,51120704,671326224,0,2,1,17
542185728,311042052,2166407681,0,0,2,5
2327843328,803977,1092681778,0,1,2,2
2215118104,276869252,1076906018,0,2,2,4
16818342,808452865,1153974280,0,0,3,13
541084864,1375740196,134647832,0,1,3,16
1224770336,44303366,1071312,0,2,3,6
407638048,2156922052,83905048,0,0,4,29
2167951360,67241018,171999553,0,1,4,5
947933440,1111491591,2149712440,0,2,4,11
9964580,2483163139,1660977672,0,0,0,27
2154316033,420545040,300070,0,1,0,2
538970721,13631772,202252290,0,2,0,49
470288960,549462042,2198093857,0,0,1,28
1079001605,2282235970,310543368,0,1,1,0
68682313,2694841474,54792480,0,2,1,15
2248183968,153108547,546373900,0,0,2,12
38289460,2692779016,1225917184,0,1,2,0
2420424832,58786088,2229842,0,2,2,42
135645184,1140859657,50860144,0,0,3,24
2147635304,110175232,155191570,0,1,3,21
268513672,135823890,92291169,0,2,3,67
219153168,547881004,2449621058,0,0,4,36
683671559,1091633360,270926120,0,1,4,20
43044866,537134737,2485256512,0,2,4,10
1598084,272733440,176162842,0,0,0,36
268869764,5325872,1753219848,0,1,0,0
405282952,2177108000,67309841,0,2,0,40
33555125,3292528962,137644040,0,0,1,0
537143813,1079099520,369102904,0,1,1,0
822674464,12608320,1308755969,0,2,1,12
537452816,155455556,1176503299,0,0,2,64
330434,2147513368,20480036,0,1,2,0
1091117152,2266124,272648722,0,2,2,71
554304024,38109314,3224381504,0,0,3,0
537338128,407388170,67147396,0,1,3,29
92277272,1208746118,34697472,0,2,3,0
2689089569,369230720,142620692,0,0,4,62
3172616,344228992,1090519654,0,1,4,0
268911680,557324288,2193629456,0,2,4,0
144720080,1359511588,642778120,0,0,0,28
1225015428,71901202,9476168,0,1,0,16
528006,2709602368,38047777,0,2,0,0
275185920,142640209,51912744,0,0,1,19
42598696,541347906,1093730448,0,1,1,0
3254911018,9187588,74450049,0,2,1,31
135266887,1076176128,17340560,0,0,2,14
68751394,1350697601,138462276,0,1,2,13
807409732,21037099,177210240,0,2,2,32
3225425929,201860116,310444480,0,0,3,38
1111777408,134812418,2241988608,0,1,3,13
219160585,2415921542,42700800,0,2,3,3
138674229,77595080,1342232064,0,0,4,32
2281857408,44040305,627210,0,1,4,2
1176634384,295010304,29322,0,2,4,12
8929337,2151952514,221250052,0,0,0,10
560472576,3323068417,277090392,0,1,0,0
245629056,1346394176,17310993,0,2,0,0
286294296,38023201,604062338,0,0,1,17
1895891201,2148534444,104874066,0,1,1,14
572557441,1350647888,1443588,0,2,1,4
3222276362,427820065,100700864,0,0,2,37
2240872576,4221508,1342574864,0,1,2,19
1611763744,4326609,245367298,0,2,2,60
587202962,72877096,1216624640,0,0,3,12
477104128,25182514,1610876488,0,1,3,0
2147616853,402686856,5047330,0,2,3,12
1145112080,1194018,312492352,0,0,4,11
269242404,687867395,1182933000,0,1,4,17
1091600992,3020161296,12604421,0,2,4,7
142935556,1075446064,2751512705,0,0,0,3
566235456,67135507,1342505484,0,1,0,11
1426337792,2315782192,8422919,0,2,0,33
1652686882,1607188,2550161480,0,0,1,24
2705410048,100959752,3682352,0,1,1,48
2229573,348160144,2818851336,0,2,1,3
3291480084,167985281,562310144,0,0,2,34
3254927408,810033728,94633989,0,1,2,22
1349896,1778393124,2231894161,0,2,2,25
88162944,135270513,8692742,0,0,3,0
13729858,1879322880,2298628608,0,1,3,0
2215780355,281036880,184813060,0,2,3,18
2230945,2198437952,1288699912,0,0,4,0
1075134474,421527713,41981696,0,1,4,16
404034,2282766484,1946190112,0,2,4,0
100696276,12594186,1479802881,0,0,0,21
2751534112,1230012420,268576968,0,1,0,6
3221374212,298320064,167876640,0,2,0,19
10494292,285546504,2281702947,0,0,1,29
17106450,940574788,1115852832,0,1,1,0
285212853,68553224,2684962048,0,2,1,0
537962530,2491153,2634088456,0,0,2,42
142608616,641893376,17121541,0,1,2,21
4590100,1249902730,286336001,0,2,2,0
529573,2919251976,1090748482,0,0,3,41
1881146436,43262480,21170560,0,1,3,49
680006664,1358979840,37027970,0,2,3,5
158738,2306904065,1145570112,0,0,4,21
590181,2351039504,51437570,0,1,4,45
134218582,537962632,2252537888,0,2,4,15
2107986,1073840269,2300071936,0,0,0,21
1095827616,67656200,2290352209,0,1,0,0
73547785,2417037472,134482006,0,2,0,0
1342968848,2286960652,27338754,0,0,1,6
194002945,67110598,543264800,0,1,1,25
539087872,1296039976,2148794515,0,2,1,0
537690185,1140868768,321913104,0,0,2,62
268961330,642908416,1101074440,0,1,2,0
67177408,1480613892,19137561,0,2,2,11
222437378,1103112,3791651424,0,0,3,0
7372994,344268804,167923976,0,1,3,25
1111622690,806690944,92281360,0,2,3,6
3288400264,152576033,46143556,0,0,4,38
3489726754,19963976,67127956,0,1,4,47
8459076,341860368,1074036779,0,2,4,0
1343359520,2300903488,67634443,0,0,0,38
2158755906,184619028,4342688,0,1,0,43
268575064,68948608,3363900416,0,2,0,0
687935620,3492806976,100689424,0,0,1,0
1090522374,81809409,1213104,0,1,1,5
1082262308,856179712,2219843776,0,2,1,4
2973765640,134776356,33882562,0,0,2,36
1342182624,143133189,560996368,0,1,2,41
25461251,268636212,3321900032,0,2,2,0
71565838,2692821024,1091568833,0,0,3,13
805323395,2181175364,1085833472,0,1,3,4
344212736,536971786,158335056,0,2,3,5
402723081,1158415488,575834112,0,0,4,50
1757425664,18105864,2449999878,0,1,4,35
2752516416,136423426,1090519729,0,2,4,17
1074135249,641810688,277382180,0,0,0,17
153423888,1610753288,2252881984,0,1,0,0
2186543488,536891445,271091208,0,2,0,16
268485381,19083296,1283457162,0,0,1,0
1095106656,3087026178,33567772,0,1,1,26
25503232,3763470340,371245058,0,2,1,0
134463752,54798337,2685403746,0,0,2,16
1140990848,838861845,2152466528,0,1,2,38
2253456384,404918336,8659121,0,2,2,16
2147975234,210243841,1912619032,0,0,3,18
1091109026,2894078464,272763153,0,1,3,2
3221358744,538969862,13705312,0,2,3,15
4481546,1085440032,671613973,0,0,4,0
1094715420,539533952,67437890,0,1,4,23
2219115136,170922032,1895849992,0,2,4,8
2193719312,1705664,889200650,0,0,0,4
88607360,939524449,61466,0,1,0,0
1157648516,2158002722,537464080,0,2,0,5
203459074,3238084617,5906512,0,0,1,0
1551893505,5136392,2147518772,0,1,1,36
4864064,688914457,2248197248,0,2,1,0
738230546,2162171909,303104672,0,0,2,17
275724,2173174275,577830944,0,1,2,0
2214596948,547423752,286556290,0,2,2,39
170000440,5574848,3221752577,0,0,3,0
1083719810,218247172,270860313,0,1,3,17
2148045128,72378400,715522048,0,2,3,30
172230928,277877793,1073922062,0,0,4,0
69206174,957613056,33645121,0,1,4,8
21250085,144836674,3490709904,0,2,4,0
2426535939,1140916628,587221032,0,0,0,15
3762028544,16876424,272777285,0,1,0,50
269592592,67502245,3380625416,0,2,0,0
138608654,2953855616,100934704,0,0,1,0
271589443,2835939584,109315096,0,1,1,29
140845057,8554546,3489681480,0,2,1,4
2252472338,270534305,1620070404,0,0,2,14
1074406784,2156922936,637861956,0,1,2,24
1098916496,2133251,2957377544,0,2,2,10
36193664,2299535876,813828130,0,0,3,0
273711696,1143742465,2818590980,0,1,3,11
2214703112,558236288,1375734820,0,2,3,5
16917772,1178681346,813957201,0,0,4,0
46695456,271647042,738210432,0,1,4,0
6377482,2172658945,370149396,0,2,4,0
2236096514,1073876609,681574484,0,0,0,30
268502155,193988864,71991392,0,1,0,12
318775632,3200004,2353070624,0,2,0,0
539561993,75759844,2185258240,0,0,1,16
1431306496,2299928,2156430852,0,1,1,48
2684420832,79966224,135792902,0,2,1,29
201392696,27264261,2185373824,0,0,2,25
17402114,2229420,1649410624,0,1,2,4
1549008896,2164396043,545342272,0,2,2,48
1182818336,2148040781,7472896,0,0,3,16
84281488,2694840838,273166369,0,1,3,10
46268677,1225793728,2952856586,0,2,3,0
1644171352,89456672,411191298,0,0,4,69
1678247172,2417133569,140771402,0,1,4,2
541198724,336166992,3356516353,0,2,4,0
109085699,1225392164,275791952,0,0,0,7
621027348,1254113288,2148243456,0,1,0,2
3231711750,538317120,419448865,0,2,0,8
4327652,178524168,2751996417,0,0,1,14
2392776,3490725905,575219712,0,1,1,0
134496526,2500858880,46303233,0,2,1,0
134793233,808452172,1182798208,0,0,2,15
67224144,402666632,3259760644,0,1,2,0
605051008,169869922,3238396168,0,2,2,14
2017986560,25247765,33862152,0,0,3,63
3223406600,700453888,295750,0,1,3,9
1628446737,72027136,2189427396,0,2,3,13
544342040,2282311681,1442850818,0,0,4,8
270552097,168108056,71832000,0,1,4,26
16941984,536892438,105646144,0,2,4,0
94897280,537932041,1212579844,0,0,0,0
2499940368,12681824,2122118,0,1,0,30
6422667,25711120,1745911904,0,2,0,0
2147561553,172099618,1074037640,0,0,1,33
2424365088,137494541,1195377280,0,1,1,6
1110966281,419562116,2160134416,0,2,1,18
103170560,2156462404,290461697,0,0,2,14
2422489600,612507714,35129760,0,1,2,32
2147748003,1343242832,148938756,0,2,2,2
14097,549748872,1076904036,0,0,3,24
7088,155615233,344990784,0,1,3,38
86573576,272894097,672142404,0,2,3,0
138936552,1946223360,2150762514,0,0,4,21
2419142656,1107822785,17219632,0,1,4,30
2441232512,1208517641,641730578,0,2,4,2
546472480,287311044,2151706881,0,0,0,0
1145577552,142656770,2449670177,0,1,0,21
331612288,536889684,2148021762,0,2,0,0
118751238,656616,1075884560,0,0,1,31
39977,2156020048,104931458,0,1,1,0
2240937985,839451138,2111756,0,2,1,39
44449808,290459136,2819100932,0,0,2,0
805511297,2282801664,117965860,0,1,2,23
1210056810,9765633,2215276544,0,2,2,21
3019899156,1245970946,761889,0,0,3,28
35129922,16982184,3758408704,0,1,3,24
2148545284,1107378187,673841296,0,2,3,62
1375789057,159388816,2215051304,0,0,4,5
572719617,2148813856,1212186638,0,1,4,0
339886113,679805312,18384962,0,2,4,12
2151711276,176163075,336097296,0,0,0,31
1074061570,543165584,2239762976,0,1,0,21
92324160,306317828,674242608,0,2,0,15
38961412,1635778610,2214929536,0,0,1,0
137626704,545442,545458185,0,1,1,36
1275330784,41437184,562069529,0,2,1,23
172163392,3240104065,612895752,0,0,2,42
135275160,1350668320,543688772,0,1,2,0
739786753,2449540288,19011872,0,2,2,42
873858048,138453005,3240628736,0,0,3,24
1124139169,2215143936,686850048,0,1,3,0
78643282,2151965952,1761610244,0,2,3,0
1344307228,33579905,1900642,0,0,4,36
2751727712,134414982,16838928,0,1,4,46
2420113961,143886336,1611424768,0,2,4,36
68304922,707297408,1342245409,0,0,0,11
67633351,805744640,1226915872,0,1,0,0
1143017988,541458457,403202336,0,2,0,4
395380,167866370,3232759817,0,0,1,11
134586512,118489860,539497537,0,1,1,14
2151760162,9315336,6865,0,2,1,5
1627394565,34472082,2290204928,0,0,2,15
1082810384,134322433,22283784,0,1,2,54
2165377034,144741504,140113,0,2,2,13
675318144,2150130192,285343789,0,0,3,22
704655425,17187368,2215120130,0,1,3,62
571523344,470550656,3229627396,0,2,3,0
155517248,545792518,1107302545,0,0,4,15
806355235,168174656,2172684308,0,1,4,55
805667344,2156423200,1275200518,0,2,4,4
67539024,2417034528,1669857288,0,0,0,24
545816710,2214741280,437518912,0,1,0,0
407375881,1074070944,662716420,0,2,0,15
546840616,1258555393,2114498,0,0,1,30
25175233,2186346756,1679822872,0,1,1,14
2483028493,1744995584,39936002,0,2,1,7
1140928546,551568640,33849373,0,0,2,53
2212129,558368778,1250955392,0,1,2,0
1221069312,84951332,2149711947,0,2,2,19
2290354244,1145057568,50365465,0,0,3,42
4895744,36765872,688144389,0,1,3,35
2684369922,69369940,307511304,0,2,3,70
36248064,1094721928,336855078,0,0,4,0
1109592320,17866763,546046036,0,1,4,2
807600162,34621705,155230736,0,2,4,31
1612713224,2617311364,18128914,0,0,0,6
807415873,1208156306,21774600,0,1,0,37
1677853313,2281730368,321159176,0,2,0,2
1083449368,136845825,2755690532,0,0,1,23
1149242888,35655845,289939714,0,1,1,18
185597987,1073865732,273418880,0,2,1,53
1347027012,18113152,2133265,0,0,2,40
823267360,1149780482,167878673,0,1,2,27
469794980,3239575569,4400194,0,2,2,0
2710044681,1145331744,33720900,0,0,3,23
404815897,2684781570,29152,0,1,3,0
616824912,134356512,565637,0,2,3,12
1283719178,2970812416,11797,0,0,4,0
2161198080,671875856,52572164,0,1,4,6
2167845,318769600,79741442,0,2,4,20
54526688,1610797060,3212561,0,0,0,11
1115689240,22094850,2349334752,0,1,0,0
1347426312,25280518,2217346080,0,2,0,43
143327265,286263558,1145311424,0,0,1,0
1079509576,270970880,218106272,0,1,1,15
1392517648,1130759,604146816,0,2,1,41
271089768,3263436800,67256595,0,0,2,24
1124090946,2684952848,338821153,0,1,2,0
2150760744,486557760,537200257,0,2,2,12
318817282,14692865,671156336,0,0,3,6
8543488,303824976,1210122380,0,1,3,18
1067425,478248976,3791918080,0,2,3,0
314626048,1076101570,553782281,0,0,4,20
572787968,293634626,2152284292,0,1,4,4
1090805952,42009865,275814400,0,2,4,30
3223375936,46203440,270270850,0,0,0,35
2154856705,948174884,1107382344,0,1,0,4
538484746,268517840,170005024,0,2,0,30
1351712800,251658440,539494673,0,0,1,16
2216984579,9504824,55051524,0,1,1,19
558891394,10686536,1577082880,0,2,1,17
3223344256,142942274,285378565,0,0,2,10
3246522498,35686145,608260100,0,1,2,7
35792192,282069026,1610875420,0,2,2,15
537987206,14681361,285610560,0,0,3,17
3221292108,306743424,26239489,0,1,3,23
2819371008,76580097,149564,0,2,3,55
84197456,1778520320,2157980161,0,0,4,0
36995592,1367345155,537469092,0,1,4,0
573609,2149647938,420610308,0,2,4,0
1074082080,2684357146,8011777,0,0,0,35
2349924432,545311360,5112067,0,1,0,47
696275200,67477537,1107430412,0,2,0,0
1217463304,410245,2416478496,0,0,1,23
1277178368,2165571748,537445696,0,1,1,87
2751725708,1130905600,403867904,0,2,1,17
8396112,3240656900,404095105,0,0,2,11
231746,2709540865,305661056,0,1,2,0
537461842,492830752,1115963397,0,2,2,39
268534156,1077420066,2281719313,0,0,3,0
2195483,3259105664,218121760,0,1,3,0
838862100,1082425475,2165314144,0,2,3,21
296812545,34244632,1078215360,0,0,4,24
1610744341,70550536,2294284512,0,1,4,20
69243328,1342382596,562578434,0,2,4,0
822118916,142635152,3255960578,0,0,0,0
1107591175,2156081184,290982400,0,1,0,4
2298561088,1610622256,77729921,0,2,0,19
270112768,234882196,1616912641,0,0,1,0
2360857,2214672386,43548708,0,1,1,0
2160202272,184672256,336594065,0,2,1,7
807485473,134783046,1107695624,0,0,2,26
1073766684,408950912,2207809536,0,1,2,2
6824005,3766779906,50528408,0,2,2,0
545785869,2198290432,1141903906,0,0,3,3
71379010,679510688,1124876544,0,1,3,0
1615331465,437520400,2149655618,0,2,3,15
1090524305,2257059850,134340644,0,0,4,4
2308997124,273826368,1644243072,0,1,4,13
1610678924,3164257,2420936704,0,2,4,9
2153907329,1619002208,303564806,0,0,0,6
580927491,5280640,3372490760,0,1,0,0
2196802,1913782273,92799116,0,2,0,0
1112020994,135577612,547422432,0,0,1,37
1610621980,2150039585,411599616,0,1,1,5
2507288,1132466181,2285930688,0,2,1,0
1476396170,1098021,2174812736,0,0,2,5
2953871440,192943105,1073889452,0,1,2,52
3222278292,847790112,201695240,0,2,2,10
2152257536,436338864,1628504067,0,0,3,24
2150113378,268769793,1158677528,0,1,3,5
721682444,2418041104,1149307393,0,2,3,15
2291142692,1917059200,143120,0,0,4,41
2149649792,76583440,1476919363,0,1,4,6
2688651272,50596130,1218592896,0,2,4,20
2157249025,1126172738,805868560,0,0,0,17
1086504976,2686518848,503844865,0,1,0,0
1217796,428360192,1109393640,0,2,0,0
134228739,302105604,2710048896,0,0,1,14
562082048,139608584,1076104195,0,1,1,22
3355607328,346293256,587743250,0,2,1,9
2160083521,1611923602,169969672,0,0,2,18
134254794,1183842817,560202016,0,1,2,42
1761616928,278136850,2152218697,0,2,2,13
300220416,68165152,2181062667,0,0,3,0
1108378704,2424578688,71373065,0,1,3,6
202641448,8620545,1646288898,0,2,3,32
3758489696,167845909,281052800,0,0,4,69
1212228224,277626913,2686488596,0,1,4,0
56164353,537027968,402919438,0,2,4,0
21368897,34114580,2559574656,0,0,0,13
2281760000,27394224,106432576,0,1,0,63
394268928,672284752,1076363937,0,2,0,0
290590784,671129622,1182796296,0,0,1,16
537281665,2554331658,70322448,0,1,1,0
2751464081,277023776,1073799492,0,2,1,18
72892449,2172945472,1076041730,0,0,2,21
272815104,2248157728,1217921048,0,1,2,12
159908130,5531656,2147521620,0,2,2,0
1140940944,168300618,543295748,0,0,3,26
541852804,279126032,34639946,0,1,3,12
1619018056,36211232,2232430593,0,2,3,22
277356805,3762296840,83936832,0,0,4,15
276832547,1126191120,72910336,0,1,4,41
815874560,68198786,172883976,0,2,4,7
2686715137,168007680,549096,0,0,0,7
9178628,274731034,1627553921,0,1,0,0
134316422,3792176160,71575561,0,2,0,0
1074252,25166723,577437696,0,0,1,0
3493861408,67478080,167773326,0,1,1,39
1075331346,891289633,2282033344,0,2,1,0
2229289024,1644789761,135530522,0,0,2,24
2550726786,21235737,546489344,0,1,2,19
831523072,1145065496,2317353124,0,2,2,14
2326632,3355968772,92303488,0,0,3,0
60833857,2148339760,1614840704,0,1,3,0
69731349,1879089162,34869600,0,2,3,0
33855760,1078083651,2157445672,0,0,4,4
2703245332,234916160,13115529,0,1,4,40
173105,371458308,2165917696,0,2,4,17
218431872,3221256208,814350346,0,0,0,0
708837600,3490054156,78643984,0,1,0,0
4459744,2157978121,453574660,0,2,0,0
9966100,541075624,69288258,0,0,1,0
155844738,1074021401,336661024,0,1,1,10
1078763524,83952259,2727478272,0,2,1,5
883032068,2281771154,1091587073,0,0,2,7
135433218,1143210532,2717937665,0,1,2,0
2227177664,52478984,134361858,0,2,2,2
3221491202,289620224,178790404,0,0,3,39
278966336,67371067,2685487360,0,1,3,11
1212225552,343949960,570556739,0,2,3,21
271581734,75575568,1749057672,0,0,4,21
17326402,142902289,2685469196,0,1,4,10
3490203652,677511201,9704472,0,2,4,13
2147880995,41987200,823656516,0,0,0,4
1086394688,2216730630,537544840,0,1,0,0
36177456,76562566,4160753728,0,2,0,0
1108627458,622637,295707152,0,0,1,6
271067201,9540104,1611022466,0,1,1,22
555761795,138581248,3255631888,0,2,1,6
83978304,1214251276,2450555936,0,0,2,35
680036480,1392640017,2214659424,0,1,2,25
2181587088,67403881,424674816,0,2,2,14
67686920,939918400,29426064,0,0,3,13
1076134930,578822181,286855424,0,1,3,2
2157052098,641806336,268700425,0,2,3,4
2152284352,1627402528,338821137,0,0,4,4
135006264,1084311040,587342082,0,1,4,45
69271896,591413762,143040516,0,2,4,10
24952,1108150274,1216645,0,0,0,26
25930,470814740,3229778560,0,1,0,0
1619264515,6312216,51413216,0,2,0,7
2350123520,539688977,37752934,0,0,1,42
1629749632,12724752,2149127172,0,1,1,14
323224704,3221770276,134449409,0,2,1,17
558854,2753642528,405529,0,0,2,0
287351312,22980,717227009,0,1,2,16
679481610,21078049,2151417920,0,2,2,0
14835968,117440614,3892412424,0,0,3,3
2157448448,6361144,1644314816,0,1,3,54
2148802634,304090117,71389456,0,2,3,31
1352171776,84025988,2183218,0,0,4,35
154118,2852192296,1349255184,0,1,4,0
1200720,1080043556,579174656,0,2,4,0
2149134368,1879195713,35947784,0,0,0,32
8688004,1661476865,336724490,0,1,0,0
2234515585,138694704,537594176,0,2,0,15
1343619208,151606272,2155872535,0,0,1,2
682229768,17072740,2219906048,0,1,1,21
25298128,540045824,1342439693,0,2,1,0
3562045440,2361867,545869828,0,0,2,52
2217763840,1111493000,403312674,0,1,2,41
2688648704,67655686,1132462408,0,2,2,18
2299528708,1074356264,914391042,0,0,3,45
218236994,3758641156,274038816,0,1,3,0
1625292817,1884352,218169896,0,2,3,4
337781264,2688630976,9705729,0,0,4,21
726784,2284855305,608436418,0,1,4,0
102965376,407127048,2701656593,0,2,4,0
10558592,1074446864,771752005,0,0,0,0
136365061,2181630528,352465152,0,1,0,0
4327747,1611924008,50439184,0,2,0,0
2690908448,102334480,144065,0,0,1,28
335726593,168038540,557318464,0,1,1,2
876742912,43000385,136937478,0,2,1,29
50356250,2488271108,1082660993,0,0,2,15
5406913,2583695880,17115184,0,1,2,29
142705026,1076102225,570444328,0,2,2,0
588260368,11143552,2281771078,0,0,3,35
2290229253,543428928,18433040,0,1,3,19
554701584,167945218,12847145,0,2,3,41
34132484,1094975753,2357199968,0,0,4,13
2349859140,1073787402,279314592,0,1,4,37
113786944,269549961,1207995426,0,2,4,0
151099424,48234644,1074816520,0,0,0,23
77889728,16799785,1112015620,0,1,0,24
16859333,583139856,402692130,0,2,0,0
2285945376,34351240,1157760272,0,0,1,37
139479106,1143087144,2717913732,0,1,1,0
33629203,2175801344,403358208,0,2,1,0
276874432,3221227571,104595460,0,0,2,15
1680478208,34621057,67886,0,1,2,68
1635909704,2219114626,304618496,0,2,2,10
2290417952,1124204611,809503376,0,0,3,18
222298308,1345192192,33636905,0,1,3,11
1107890368,211823104,554991640,0,2,3,6
268592148,537952803,3288858824,0,0,4,11
1484785928,37787152,70525057,0,1,4,37
157548624,3221268520,369164805,0,2,4,0
2416022784,1635909656,239091715,0,0,0,20
7504001,545280052,84149002,0,1,0,0
2149058598,6558352,1728184328,0,2,0,39
2685534730,1115983904,285746496,0,0,1,25
2182210,293871776,72389376,0,1,1,0
50733216,1211140097,268456974,0,2,1,28
67438368,7340229,2458009608,0,0,2,10
1694662672,6377544,34079142,0,1,2,47
269746628,172002816,2166374441,0,2,2,15
304353544,201935360,2689728644,0,0,3,9
2152273152,142901322,537029136,0,1,3,22
1210159616,2232551425,277349570,0,2,3,13
681613312,2449604869,1091838480,0,0,4,18
2953848833,48513280,134255768,0,1,4,57
2265981952,415238528,537722915,0,2,4,2
25208849,2183463940,542261282,0,0,0,0
1647345680,19334,420029440,0,1,0,36
654843908,1075975171,268716584,0,2,0,41
411079936,620955649,1077698560,0,0,1,12
289490176,3900837888,33827340,0,1,1,0
140529670,1174799376,17303912,0,2,1,0
2147517014,1275727873,30673152,0,0,2,19
2484076565,545343584,151651458,0,1,2,14
3745796,1208242210,2248147736,0,2,2,25
2164535314,1219526688,100811848,0,0,3,39
805373016,3357544832,46170630,0,1,3,2
201408538,536885664,2165604928,0,2,3,0
34227458,3223330916,813961233,0,0,4,4
2550931460,33703490,9537553,0,1,4,56
2722103617,1074046000,92488192,0,2,4,22
3159297,2416509474,1145047236,0,0,0,11
478191624,2183659602,17828997,0,1,0,29
33868544,1091634312,2416574485,0,2,0,0
813763592,35004576,2301104640,0,0,1,8
1610645809,2192588928,272900172,0,1,1,2
85214216,35696673,679543108,0,2,1,0
36766032,21758474,1149247525,0,0,2,30
1149329416,35291184,274729602,0,1,2,21
547947024,1074028896,406850566,0,2,2,6
268751888,194511360,1610621006,0,0,3,10
2164523632,1217069184,339781640,0,1,3,6
2751512600,4471168,1210058274,0,2,3,6
33694376,680263952,5344258,0,0,4,14
51912784,538986114,335872261,0,1,4,22
285672512,136366368,583016578,0,2,4,11
2216695844,1108951041,21112192,0,0,0,31
269226756,691019777,3263169584,0,1,0,0
560206336,167911572,2424914176,0,2,0,0
1224741908,9977954,541337984,0,0,1,26
270541187,210240536,542312960,0,1,1,2
2686193680,1119944772,421535784,0,2,1,4
1092636682,609419296,134752529,0,0,2,12
34016272,144703534,2954379520,0,1,2,0
33886245,542149640,486671104,0,2,2,13
293699593,2147765008,7995428,0,0,3,0
2149697537,122683522,403570952,0,1,3,8
1745125396,71844736,312610818,0,2,3,27
335809856,1090527882,673202197,0,0,4,0
1140884248,6881474,704916480,0,1,4,10
143393860,5268112,3774875905,0,2,4,0
2961179400,1836256,203497492,0,0,0,33
1322002,1426068096,2152448000,0,1,0,11
101189856,3229880580,823198224,0,2,0,0
2155877060,138567937,271941634,0,0,1,13
570524929,2221146242,16935428,0,1,1,0
2566914628,46472,10242064,0,2,1,74
2147893352,180361218,889193104,0,0,2,70
3644915712,68166306,537431057,0,1,2,61
1207960682,10627204,289440528,0,2,2,31
457244736,76288258,1075979300,0,0,3,22
546398240,138543385,3575648256,0,1,3,0
23069508,2483033128,546414594,0,2,3,0
34350090,2152728737,1151500800,0,0,4,11
2189429440,759431424,269656070,0,1,4,4
33575306,2231378449,281411652,0,2,4,0
3373408256,6849696,67129882,0,0,0,80
3099623424,67114027,36776192,0,1,0,52
146806528,1474698,856186880,0,2,0,0
539627588,1510228224,29428738,0,0,1,23
1868097,2147617308,62988290,0,1,1,11
1275215968,807510018,17827596,0,2,1,41
16879912,847259136,2219329537,0,0,2,0
2429157632,1377324,1744830611,0,1,2,24
2257076232,134487556,805315010,0,2,2,22
197132300,337702912,2147681858,0,0,3,0
1136660,1094853634,880804161,0,1,3,0
2726302336,84426850,6587664,0,2,3,55
344195776,21496090,3351553,0,0,4,26
2172650832,1210583200,335982592,0,1,4,28
3254806536,672137989,13374496,0,2,4,36
1241646464,71323700,2702016512,0,0,0,14
2684377108,17008000,40894505,0,1,0,25
42504258,2298479520,1880113176,0,2,0,0
37799170,671492608,2441085092,0,0,1,0
2248671498,1478492720,4393093,0,1,1,4
3223914498,604247136,46145921,0,2,1,19
571475716,144736480,88745984,0,0,2,26
85655553,2961187392,37753010,0,1,2,31
2416591376,34873610,1296040004,0,2,2,51
176193547,537006436,287580800,0,0,3,0
3489663002,138551557,118506048,0,1,3,70
21284880,178258564,1075315785,0,2,3,0
570443880,2566922372,1141542913,0,0,4,10
679477277,50856610,2153801792,0,1,4,48
2419073096,17207425,12648998,0,2,4,67
3355460288,21506308,10490921,0,0,0,32
6029385,1677865216,268503218,0,1,0,0
2298546241,1111757064,3686450,0,2,0,23
6684931,1081592,3238595072,0,0,1,0
2231672848,1075841219,952631300,0,1,1,4
270419968,1207994048,616562714,0,2,1,0
67448898,144736648,18368545,0,0,2,29
1078345748,536874817,296259584,0,1,2,6
2181595281,70590472,1220559424,0,2,2,4
151519401,808587328,109125638,0,0,3,11
2819622080,271392784,22825,0,1,3,77
23093282,2156462217,1308754000,0,2,3,0
387973636,3222309152,138608778,0,0,4,0
76023316,2420121928,537217027,0,1,4,0
292569600,1140991024,2147778892,0,2,4,0
2417524896,8662532,537018650,0,0,0,58
293732960,34646036,2755658114,0,1,0,0
18481173,104923808,2149854216,0,2,0,0
2157199377,218107144,811631232,0,0,1,5
135808003,2173011968,339882240,0,1,1,14
134427140,3759145098,59277632,0,2,1,0
3592425472,4432132,134480114,0,0,2,23
201328838,1614376,2734702864,0,1,2,0
134258996,2154827848,1359481984,0,2,2,21
37847561,805841026,1091846180,0,0,3,0
2198872067,1140858128,140902468,0,1,3,15
1090520220,2315276576,2402370,0,2,3,0
16849425,1711800456,2151826500,0,0,4,13
578830406,1144000784,139201568,0,1,4,28
2503,42501168,2155151872,0,2,4,51
17123362,2718442504,134386052,0,0,0,13
1310722056,537035680,2164524102,0,1,0,12
35679248,3243377152,612438145,0,2,0,4
610272514,2425422340,184690752,0,0,1,13
1354763520,572538902,2348818656,0,1,1,25
268894243,29363268,1076420616,0,2,1,0
1392705537,2751480076,2143266,0,0,2,10
138485924,92802560,3758395394,0,1,2,21
268575758,2286164032,1612726657,0,2,2,15
402852097,1082136144,2164531244,0,0,3,14
1646305408,134219350,2500333600,0,1,3,33
409206832,1082167040,570572807,0,2,3,8
608180304,1074808069,403513472,0,0,4,22
71436676,2684695040,177225761,0,1,4,0
16788896,2149634068,1485308424,0,2,4,0
805310881,21578816,203685914,0,0,0,68
16926244,2147780619,818421824,0,1,0,0
2420130852,1108347584,201658378,0,2,0,12
545816583,68223824,54790280,0,0,1,12
2160132868,1144000522,671391936,0,1,1,4
269490376,29491219,2886206208,0,2,1,7
105033728,3221308548,151257411,0,0,2,11
1677788170,2168473696,33985025,0,1,2,2
2501935108,1610613843,168439816,0,2,2,25
2279490,1224741897,3032481796,0,0,3,11
2556428321,67211592,1074809474,0,1,3,14
537928098,134353489,1426360320,0,2,3,34
3556835872,153370888,46142608,0,0,4,26
134957088,339747009,3759149328,0,1,4,0
538061568,1350631466,2147766420,0,2,4,4
341852448,43255312,1208031238,0,0,0,14
285745540,613419584,4653082,0,1,0,14
111150113,1208528904,2420181250,0,2,0,0
73679888,16977957,545792578,0,0,1,10
25299476,3422556225,578322432,0,1,1,0
1315377,1478664192,59326466,0,2,1,18
4200505,68755524,2954888706,0,0,2,0
3003252738,135308064,71324737,0,1,2,33
2718474256,67241314,1239420928,0,2,2,38
1912799744,2298765313,557492,0,0,3,22
26230812,3087172608,4982851,0,1,3,4
2168848513,539001606,101785648,0,2,3,13
139726920,571147776,94429184,0,0,4,40
672333890,1073759788,2152212737,0,1,4,23
637677576,286851616,136331665,0,2,4,15
22020188,748687362,1342996768,0,0,0,21
1094746512,2282817546,279576612,0,1,0,0
2164932872,210775040,1344279200,0,2,0,4
286394386,70057993,1610625604,0,0,1,4
269504537,2743075200,138742848,0,1,1,10
1375803396,206832648,8544641,0,2,1,22
2907701248,1375809568,8946576,0,0,2,42
33968193,218169986,2154832136,0,1,2,21
19399750,2189600768,742396288,0,2,2,0
47710736,2818574660,2572321,0,0,3,0
272961672,1178075138,151020049,0,1,3,12
2555412496,1661010976,67657996,0,2,3,39
274825504,2306876032,1966105,0,0,4,10
2298544268,35828736,541607970,0,1,4,18
1140928656,136857096,2702180614,0,2,4,2
151260304,2183676161,13636132,0,0,0,11
33564049,92799584,1081311232,0,1,0,0
4196024,103612420,814753794,0,2,0,0
1082138828,2214795520,36471328,0,0,1,17
2181047825,604340264,413143172,0,1,1,6
1342713985,547488018,2231403080,0,2,1,29
2157199552,270634496,575148044,0,0,2,22
2348878081,818421824,2396210,0,1,2,25
616824968,17829472,35655703,0,2,2,33
1081914,1231036417,2684813380,0,0,3,0
2164277458,234891808,12681477,0,1,3,27
290496768,3221227752,136906241,0,2,3,2
71306433,1479016460,2190614544,0,0,4,0
1174831120,159404608,805373092,0,1,4,13
536891491,142845952,3575644176,0,2,4,24
79823200,2166281,3222024196,0,0,0,11
1615987716,184832064,78118938,0,1,0,25
1614299138,201356,2650808576,0,2,0,13
580927554,1074014384,2286424076,0,0,1,32
37880858,3381133316,67136065,0,1,1,0
2315653136,1679360512,29360515,0,2,1,8
34640018,344481793,1231159360,0,0,2,0
537004264,1343300612,165695488,0,1,2,0
1493190657,103940480,2684387884,0,2,2,7
1209040937,84500484,2149715136,0,0,3,28
2151219206,1744834825,369270848,0,1,3,4
340001290,176685201,540050720,0,2,3,2
272765025,2248148116,1209108736,0,0,4,26
1623196208,202114240,36847619,0,1,4,46
68813104,556042248,1379992640,0,2,4,21
865140736,201985088,6566148,0,0,0,61
33686170,86246496,268556292,0,1,0,0
33751649,2690665472,1075351688,0,2,0,0
202604548,2415929418,1615069584,0,0,1,0
1358973058,201859393,545457188,0,1,1,14
12976198,2416518145,236978592,0,2,1,0
16792082,100876548,537429185,0,0,2,11
335754240,1660977157,142607186,0,1,2,6
169379848,620826692,2147893297,0,2,2,10
303050884,2166622752,1145143376,0,0,3,28
1363148811,102285568,8716884,0,1,3,4
315098114,1209008521,537251904,0,2,3,0
1612071424,302033028,86573320,0,0,4,28
571883648,2164262935,1208038912,0,1,4,0
537660576,2151711002,1144201216,0,2,4,0
3254783056,905220,609223552,0,0,0,45
2146949,105128194,1627918416,0,1,0,0
59473920,2148551177,335553648,0,2,0,0
3150440,301992340,1099030528,0,0,1,0
2155938593,738330630,1096827024,0,1,1,18
3223421057,470418440,5245764,0,2,1,9
80224770,2165412864,1342308689,0,0,2,14
2418574080,72620036,1115766913,0,1,2,18
3397517313,537433604,285485080,0,2,2,27
675382336,1085014040,302139397,0,0,3,37
307757376,1076011536,604001440,0,1,3,35
404882976,42230020,1140918360,0,2,3,19
21286920,402850822,67635537,0,0,4,13
402653215,2153276416,235840,0,1,4,51
1080101056,570426650,2240811009,0,2,4,2
2248148114,271747080,671690753,0,0,0,19
579110944,1094783234,2283806913,0,1,0,0
73472008,18121476,3498050626,0,2,0,23
42472712,1077280774,1006699040,0,0,1,0
822084488,37904449,75828226,0,1,1,18
546832545,6668304,1359085896,0,2,1,18
12584530,2148927752,404754565,0,0,2,14
2282127366,27793440,369100097,0,1,2,56
69441536,289416198,537396161,0,2,2,20
672926720,16786190,69419137,0,0,3,40
2684896544,305401864,201359495,0,1,3,46
2281964992,807436824,13127685,0,2,3,33
3223324872,486998016,5280816,0,0,4,51
2164343344,9307400,308318210,0,1,4,15
1476429892,100687921,537920394,0,2,4,23
24117270,671876864,3288346720,0,0,0,0
8732683,2601521152,1140860256,0,1,0,0
287363073,34744450,79757588,0,2,0,2
1117798418,134317573,2220623872,0,0,1,20
2181563937,17907908,610308352,0,1,1,4
2156937733,1124274208,407142664,0,2,1,19
39995456,1343226025,2215223552,0,0,2,0
46333962,2754609296,1091066112,0,1,2,0
537670272,3288337665,50511952,0,2,2,21
942160,1099010304,236980230,0,0,3,0
609256576,403325192,10748437,0,1,3,26
268439128,30449665,3791929600,0,2,3,8
1212711184,2164270276,874921984,0,0,4,14
69224072,1660948560,272998432,0,1,4,0
303042884,604178449,25690762,0,2,4,41
27920386,1392929,3493888640,0,0,0,7
2319451408,17182912,1879607298,0,1,0,4
553910666,1108926464,142738980,0,2,0,0
50661441,144884224,1682964500,0,0,1,0
201425544,1610612851,2467037440,0,1,1,0
2164310338,1409287301,570761736,0,2,1,8
1812205600,303170305,13143056,0,0,2,71
360841346,1241522213,2148797000,0,1,2,0
270615304,2705465345,109084756,0,2,2,0
1677722659,50352712,281708544,0,0,3,50
671482380,375922688,2155872498,0,1,3,4
536896596,1115815971,289413888,0,2,3,13
2450276480,5958,77660216,0,0,4,11
1613758612,2483096640,50889249,0,1,4,25
2148020262,541360897,45236352,0,2,4,36
153225744,1409287496,2685411490,0,0,0,0
538992709,2214953218,1074401336,0,1,0,14
1081122824,330388,2189559042,0,2,0,16
537969161,3305177122,136446292,0,0,1,14
2492678,100778528,3491246080,0,1,1,0
279478368,72425988,2147505538,0,2,1,16
7080200,142632080,303136801,0,0,2,0
272634452,571752832,2149623817,0,1,2,6
2483064872,29443200,2892560,0,2,2,38
2155946288,739378180,33867841,0,0,3,33
2184052752,336668676,687900224,0,1,3,4
3221819395,3172376,687998496,0,2,3,25
283125768,316960,1746534416,0,0,4,0
1619003010,67921984,2147582229,0,1,4,8
1107336224,17047699,269173056,0,2,4,11
86115968,1087111456,940589136,0,0,0,0
3502252544,672235592,940064,0,1,0,54
1149763846,35721920,2953855024,0,2,0,0
3221391648,76022417,6377478,0,0,1,28
2685997064,86171648,411044672,0,1,1,4
738208264,5271,1090748736,0,2,1,30
21061697,1342210356,2718564992,0,0,2,11
1444941826,140019200,149797,0,1,2,8
2524971168,1073931280,675287302,0,2,2,4
4196184,3364372484,604379138,0,0,3,17
571738115,1212166288,2242510848,0,1,3,0
39850072,8601862,3893370912,0,2,3,21
3296723233,4690048,419955732,0,0,4,32
2323661184,1059398,606568448,0,1,4,2
78790688,107269,17046600,0,2,4,15
122899,140775688,805832868,0,0,0,11
19140869,3231190016,369115682,0,1,0,0
273817984,704644704,19169293,0,2,0,24
343933288,1225261190,2181057041,0,0,1,25
2156135264,673228928,50417670,0,1,1,6
335675587,537418016,3356532752,0,2,1,0
243302914,2149384328,553663504,0,0,2,0
85205152,537430848,140591122,0,1,2,0
1611662857,192970944,268531744,0,2,2,22
1661468801,134507264,1115194,0,0,3,10
3288924180,10519937,54534728,0,1,3,18
268618272,76816642,2837446661,0,2,3,14
2458518528,218368036,536928408,0,0,4,26
2229273602,1208117280,50335833,0,1,4,7
17564820,34644545,473958410,0,2,4,0
203178000,2474649600,541196738,0,0,0,11
671911940,92340361,3489670672,0,1,0,0
151146592,808462338,9012484,0,2,0,22
142655502,104872000,538051248,0,0,1,11
136478762,335618069,21240128,0,1,1,0
2147520824,742457347,1343357632,0,2,1,4
2185243649,691146752,1409302722,0,0,2,25
738730242,2417002048,1111754792,0,1,2,11
33845272,612402690,3342529,0,2,2,0
2182187264,25433232,538992654,0,0,3,31
201329328,2153874436,1360543752,0,1,3,41
209896448,536881179,2152993536,0,2,3,0
559417600,1375735953,134611526,0,0,4,0
3222317057,134497364,572523394,0,1,4,46
12747393,1276134656,2365484,0,2,4,0
1881219136,134893828,2248148498,0,0,0,36
25696544,806388360,1174798353,0,1,0,0
2527241,35127890,272695716,0,2,0,0
3221342464,170919552,4329558,0,0,1,8
3433070592,574619723,16860464,0,1,1,49
4464793,1627459072,278056960,0,2,1,0
544800800,1073787969,419433232,0,0,2,28
2147648519,721682456,72368928,0,1,2,19
100741137,538201096,2424832416,0,2,2,28
8786992,1212752000,35654465,0,0,3,0
1342349329,42540032,151274052,0,1,3,32
572563524,2428503064,1275727874,0,2,3,0
69210211,3632365568,538583052,0,0,4,14
2281704972,536891841,396427264,0,1,4,9
2183462960,1090554380,1074497,0,2,4,19
135406616,58791938,2148008900,0,0,0,43
2173174808,4595874,404783365,0,1,0,8
2281816130,1108609060,69214872,0,2,0,33
67371549,2164822400,671302658,0,0,1,0
68181000,305004548,2684363170,0,1,1,0
3221922304,545524040,407916576,0,2,1,35
323028994,1074843777,2214985996,0,0,2,0
278679552,2139205,2755854344,0,1,2,20
17105477,3093315584,1074800802,0,2,2,0
1485307976,4249092,2150762530,0,0,3,28
3227793,100675626,2978219008,0,1,3,0
571999272,1346445826,8427665,0,2,3,25
1342181674,679788548,2183661585,0,0,4,47
2686454281,42214672,273776832,0,1,4,28
1142423686,6317313,461373488,0,2,4,11
1074937960,2757757440,411312257,0,0,0,0
528620,3289383682,690012161,0,1,0,0
2434859073,676884,1644202272,0,2,0,19
630325376,167829584,1076626952,0,0,1,46
545564704,403718785,17498188,0,1,1,7
2690682884,35259680,268781592,0,2,1,43
2152235046,1646264648,345378816,0,0,2,7
4827168,2149974594,1375736837,0,1,2,14
1074169090,576717504,8468489,0,2,2,17
3305130240,34734245,671650880,0,0,3,34
84070,3634495488,1320457,0,1,3,0
377168,2240811012,1080167432,0,2,3,0
211877928,2436939778,263381,0,0,4,0
10675200,570755140,1091568024,0,1,4,15
2684879076,39867904,336044032,0,2,4,61
148708,306460672,1093173257,0,0,0,0
805380628,6946851,1141115328,0,1,0,17
18896144,310904897,541458594,0,2,0,0
578820232,335650896,2283012131,0,0,1,10
9704578,2147500373,1477050888,0,1,1,0
3825205514,4246672,51392580,0,2,1,44
2165121026,1350566696,673349697,0,0,2,21
343950880,1148950,135143560,0,1,2,19
35916360,1342189713,4310276,0,2,2,0
1611796516,52955160,277102723,0,0,3,61
404307984,38020099,1166018600,0,1,3,11
406914562,2226258048,553910604,0,2,3,9
1644233808,2484084993,149061664,0,0,4,6
88212004,973095184,2149851267,0,1,4,0
604248160,4767877,16918280,0,2,4,39
42633220,2165311106,673251377,0,0,0,0
2147488526,36308016,537206977,0,1,0,4
1677746305,193101828,853314,0,2,0,21
2149916960,588288512,205540353,0,0,1,28
19202817,538444938,1174536292,0,1,1,0
806949888,1141153809,167903334,0,2,1,13
730145,174068352,67143958,0,0,2,49
297633,3258975492,209731658,0,1,2,4
102941696,269492371,1082917696,0,2,2,0
285230154,82313488,1209045505,0,0,3,17
202133536,2147494474,857800705,0,1,3,0
2155877921,403726346,1076003024,0,2,3,32
2735235072,278921498,202508480,0,0,4,32
2424375426,51135504,7377412,0,1,4,11
1611333761,2442403840,67114578,0,2,4,5
1090554064,940057604,2156007969,0,0,0,11
1610876481,2432901128,236455940,0,1,0,23
5265476,9176329,201490978,0,2,0,53
100734209,276039682,679616560,0,0,1,0
3028287491,167822912,1128708,0,1,1,59
318800929,2686716424,72491392,0,2,1,3
25496578,3356017152,104988716,0,0,2,4
167801216,2151713825,889847816,0,1,2,14
4097851392,167875586,2653,0,2,2,28
203687939,2952937856,1079017996,0,0,3,0
272789536,1761640640,36243459,0,1,3,6
706773122,2173765648,273027144,0,2,3,11
2818605604,285231115,72422528,0,0,4,31
3254846224,562185218,139497544,0,1,4,24
2416853024,8458828,544211218,0,2,4,10
46991360,1077572,1409418369,0,0,0,0
1124597844,2148631080,809765248,0,1,0,0
606147586,270172736,20980120,0,2,0,5
538034689,2294415370,302252400,0,0,1,18
541104168,3492282688,8594562,0,1,1,0
2147750407,848314376,1224902784,0,2,1,4
1249912848,270582306,22937856,0,0,2,27
17121570,146972676,1077412033,0,1,2,0
270539312,675316745,2198208832,0,2,2,10
2290188832,69863434,289415376,0,0,3,17
73433219,2550679616,1619133960,0,1,3,0
271646916,621545984,8422443,0,2,3,15
2286232064,556308480,1150288288,0,0,4,32
1920993408,135873552,71340384,0,1,4,37
721485829,268738642,3676704,0,2,4,12
2290155920,1597454,1614938209,0,0,0,15
805331592,73402468,1209860098,0,1,0,36
143139089,1646592002,71434348,0,2,0,10
2281734675,551813312,303580416,0,0,1,4
104906786,2149856768,1359544400,0,1,1,0
1283462145,823263492,4467248,0,2,1,22
34709507,2214988296,25183440,0,0,2,25
2147897361,415244420,1125124168,0,1,2,18
13667360,184701184,2147745879,0,2,2,4
139071556,629195264,1343229072,0,0,3,0
1079068674,688161040,75636876,0,1,3,16
1141036032,2300051462,276897833,0,2,3,17
50933764,1079115969,2155888698,0,0,4,4
8474762,404096004,539002977,0,1,4,0
142877194,2149749008,1649411200,0,2,4,22
1509950084,604005409,2150895682,0,0,0,31
2437423168,68258306,144720168,0,1,0,39
121635905,137724032,2424981504,0,2,0,0
206045268,2734697472,1086120,0,0,1,14
688130088,12742720,1175487504,0,1,1,21
2688724992,8732934,185598152,0,2,1,33
1208038401,824311842,2152464708,0,0,2,19
2686454282,339743024,135430340,0,1,2,9
344065029,2183160336,1212940424,0,2,2,0
12634124,2165317826,135140353,0,0,3,0
2151746569,1762132484,270590032,0,1,3,7
536941635,1163927560,310397188,0,2,3,21
605037580,1078200866,42127488,0,0,4,39
68780097,42081312,1896087572,0,1,4,31
2150301729,16802070,637830656,0,2,4,25
