100665617,1620320256,103044,0,0,0,10
201984002,2415920680,10490256,0,1,0,0
2952792069,34640,1208229898,0,2,0,23
3221229830,59771392,876642368,0,0,1,9
1627455506,6956032,469764609,0,1,1,22
3221356824,100745408,20193282,0,2,1,21
50357256,541720610,276863104,0,0,2,4
33566994,1610630177,2550172160,0,1,2,0
2222985233,537690432,54723072,0,2,2,2
584057344,2149974034,1073748101,0,0,3,0
1342967816,2214595604,675430656,0,1,3,25
100668552,3222020352,27263508,0,2,3,0
37765158,1082658952,83984960,0,0,4,13
2148051072,620953601,1344290864,0,1,4,14
5260545,1887961092,167870656,0,2,4,0
4271168,672415746,1084752416,0,0,0,21
2103056,504889344,2155880585,0,1,0,0
142762240,2165052416,1342210121,0,2,0,0
2689120,272904194,2281734676,0,0,1,25
3238006804,73531680,134218954,0,1,1,28
2147623050,84410660,414187584,0,2,1,5
201396482,270549073,4238344,0,0,2,11
2952840192,9445507,151521800,0,1,2,44
67504656,2692776224,1078985734,0,2,2,7
270803074,2768243200,143245312,0,0,3,11
1342308498,37751108,538010624,0,1,3,6
2232964,1241517088,537411603,0,2,3,0
268977161,1611923648,2151811092,0,0,4,0
2164266020,939573249,1184890944,0,1,4,13
1090650258,2483105792,705167880,0,2,4,14
2148073524,5259912,186679360,0,0,0,27
33915424,136978496,562041984,0,1,0,0
524857,2569027584,1116741634,0,2,0,0
570434128,75501830,291504161,0,0,1,27
679477396,100831240,2418091008,0,1,1,16
786912,2418049034,33561620,0,2,1,0
18944320,3267379200,536871590,0,0,2,3
1311043,1210712192,100737048,0,1,2,0
75498312,4654084,136319011,0,2,2,10
18876568,146804994,269780480,0,0,3,0
34734376,268470864,675823617,0,1,3,0
574701570,402653608,1609796,0,2,3,2
144712705,339738900,570970240,0,0,4,26
2151157888,73755,1879313408,0,1,4,19
2156151041,117475360,1074279428,0,2,4,12
202425344,17566224,272630156,0,0,0,14
33591489,2164654114,807405828,0,1,0,0
270729288,2147786769,21498882,0,2,0,5
1619005512,2148083200,74713088,0,0,1,19
1161822528,536906912,2150649872,0,1,1,52
168869952,21889056,547422232,0,2,1,49
136446476,33834368,1149315072,0,0,2,15
1077977616,939524140,2164539650,0,1,2,4
2963800064,1049660,1090621504,0,2,2,41
15794432,2248146965,134235714,0,0,3,0
54527108,1082130985,337643538,0,1,3,0
1645217920,276857859,2152484864,0,2,3,35
2394376,683737104,2182742528,0,0,4,0
872448136,3154964,1078480897,0,1,4,5
134357408,1107382784,821260,0,2,4,15
2415922182,426145,138481688,0,0,0,25
3288335384,48234628,553714464,0,1,0,30
11014156,4327184,286326880,0,2,0,0
18351116,1074008720,872546562,0,0,1,18
805347648,88084994,35782669,0,1,1,7
1315120,1614809160,2418049540,0,2,1,0
2217771520,278833,570556492,0,0,2,58
272925188,1210056880,16977152,0,1,2,8
276561920,536936792,3355443841,0,2,2,14
1208558080,2168472704,377489412,0,0,3,29
960495632,1082163842,2893888,0,1,3,17
210272768,1610760226,17043589,0,2,3,14
1075839888,269001760,2373992448,0,0,4,2
8520230,291504392,671360001,0,1,4,0
1335816,2148177920,1478492177,0,2,4,0
9449506,537037832,222822404,0,0,0,65
1409351728,2149584385,50381184,0,1,0,34
4391297,403178530,19959824,0,2,0,0
84936193,6311976,268828868,0,0,1,28
1077973088,402923656,2181120514,0,1,1,4
2214630402,29753472,3670792,0,2,1,22
109072896,1075314726,809771009,0,0,2,0
2217232384,553657473,1480589332,0,1,2,14
269419520,8397648,1279262756,0,2,2,51
268511616,604508680,17990672,0,0,3,32
555900928,75504384,272662674,0,1,3,13
2416002050,138678312,621281285,0,2,3,46
8527942,1713373440,2148597912,0,0,4,11
285671428,169869368,2148534466,0,1,4,5
152043620,37917696,592656,0,2,4,67
2172717568,838991905,72876224,0,0,0,13
143131145,1107431682,2418279552,0,1,0,20
3252288,167774234,352452868,0,2,0,43
6298240,1074102338,76022801,0,0,1,17
10653700,2181826592,1632632896,0,1,1,0
872678016,37748841,2148624384,0,2,1,12
4197138,319291552,3758182400,0,0,2,0
85082120,4268291,295648,0,1,2,34
135860256,1115963400,2684520704,0,2,2,0
2152730704,436470017,67118598,0,0,3,21
67502384,633856,964690432,0,1,3,0
1077150976,2684897288,79691952,0,2,3,3
270270529,8585776,138459136,0,0,4,91
2147520596,2105737,411189760,0,1,4,33
101199874,279052608,151062688,0,2,4,28
3223488512,25231512,799264,0,0,0,17
38338692,210896896,54032,0,1,0,0
76615744,134250547,3225682440,0,2,0,39
71704832,554733569,136331906,0,0,1,21
136351873,2441085956,1073816082,0,1,1,0
153100368,612370048,1074464769,0,2,1,21
70586368,2147503264,537010198,0,0,2,21
67384324,2684403872,403703825,0,1,2,0
1107363344,2150629450,675414176,0,2,2,0
2687115264,336642049,159453216,0,0,3,43
2147501360,311431296,67152386,0,1,3,16
1141901826,921696,107652,0,2,3,37
2170556418,33882252,1208016912,0,0,4,6
1083310337,184586272,2215118916,0,1,4,15
35788032,603987979,159647776,0,2,4,0
134808073,2768273410,1076889984,0,0,0,14
268722720,1099563010,2220918784,0,1,0,0
459074,36225152,285217797,0,2,0,0
549455905,270737416,100668434,0,0,1,25
1377298,176193796,2214596681,0,1,1,0
67635270,3355448448,34013728,0,2,1,0
180432,438304802,554237961,0,0,2,18
8462872,843055109,1090523298,0,1,2,0
33571011,142803232,17306124,0,2,2,0
319292420,3289384962,6701088,0,0,3,0
50333194,608731200,277151777,0,1,3,3
138428934,16909512,1083181073,0,2,3,14
2919497728,268568598,8914088,0,0,4,17
67635281,1111753736,26349824,0,1,4,24
620757140,3355705353,8532256,0,2,4,4
4721056,75760146,4043310080,0,0,0,7
2684960776,402695424,23070786,0,1,0,37
838864992,142688772,3223322761,0,2,0,0
176193696,3290431808,17915906,0,0,1,0
2147502416,19038213,311496704,0,1,1,2
1344784,1115685508,604047369,0,2,1,4
39330304,681574417,352585984,0,0,2,15
100933700,6359064,1074827808,0,1,2,35
33882753,1887437828,1073178,0,2,2,0
840959232,84230656,2148044896,0,0,3,28
83951698,3223486496,6029321,0,1,3,10
2166392833,813696080,1108349060,0,2,3,6
2415919302,1099043072,537927721,0,0,4,31
2759853060,268704002,37798048,0,1,4,22
671875090,17958024,1077989408,0,2,4,35
35684960,2156268544,1213726721,0,0,0,0
1094983682,2686456192,35128840,0,1,0,0
106818,3827304448,5243553,0,2,0,0
1074823430,144835616,16845336,0,0,1,19
287457282,8397512,1778417668,0,1,1,6
1065666,2281715968,541753345,0,2,1,0
3255828514,287044,142708744,0,0,2,30
944767040,19010568,574000,0,1,2,49
134743600,50399300,3759145096,0,2,2,0
2163522,2986360960,1091084296,0,0,3,0
2148569856,553724928,1342308359,0,1,3,20
104866817,9046026,1073775156,0,2,3,15
3292661760,16892162,674234401,0,0,4,16
184813632,1076400640,71320848,0,1,4,11
16859162,9702016,538969409,0,2,4,7
138433544,270139460,1646329984,0,0,0,0
35922496,277349506,138447105,0,1,0,19
545947650,1343231040,67453064,0,2,0,0
335839504,2818586624,7340610,0,0,1,0
2155971586,537026880,139722764,0,1,1,2
272634122,554697236,2282324032,0,2,1,0
109052068,2283013136,1361060096,0,0,2,0
536903770,115867648,134480548,0,1,2,38
35801096,2152792130,293638656,0,2,2,0
2125890,17891845,470024480,0,0,3,32
2713714689,201339968,270272520,0,1,3,23
79700225,1881276418,1606676,0,2,3,0
606560,13762566,3557031952,0,0,4,0
339740416,2694842369,16908528,0,1,4,13
2449605124,1084229824,21234712,0,2,4,17
2164531714,637534593,1074970688,0,0,0,17
571613200,134250637,79693088,0,1,0,30
1075052656,2183159816,159451140,0,2,0,27
268583941,1080295712,201334936,0,0,1,0
2295811,1112015876,83898416,0,1,1,0
1631588864,9453904,369197060,0,2,1,38
2281966082,101322760,1091633200,0,0,2,25
16924896,306806784,2886733824,0,1,2,0
8520970,2165321792,100665892,0,2,2,0
136061056,1393,1428162560,0,0,3,0
941884416,16831008,1186988034,0,1,3,26
134498434,877658120,42074644,0,2,3,11
70255936,1895841800,143196674,0,0,4,11
2424324113,704774212,8126976,0,1,4,14
201368832,537412164,11601928,0,2,4,10
71467280,1082134602,402917892,0,0,0,0
151568388,8519755,638650368,0,1,0,0
469991424,557842501,34612992,0,2,0,2
1077938480,268603522,696582144,0,0,1,4
406850049,1611038728,8434,0,1,1,9
606604288,2281832740,268698306,0,2,1,44
2686451800,144197632,271009,0,0,2,18
38276352,2156073088,1224736805,0,1,2,0
1074528524,1053715,367001600,0,2,2,24
2164809736,6357030,135532864,0,0,3,37
2149649472,1074008228,423624714,0,1,3,13
201343238,302022832,1082266120,0,2,3,0
3154576,2164359432,1086342208,0,0,4,25
1612726281,33851906,143134880,0,1,4,31
86247428,537920562,33775680,0,2,4,0
286524544,4370944,2282225929,0,0,0,23
607133698,285376769,2290679824,0,1,0,22
2215649289,1074333984,12865538,0,2,0,55
2169569284,805336064,41975858,0,0,1,41
2101425,4407872,285739266,0,1,1,0
172097808,18890889,67440676,0,2,1,25
134312192,268830210,1611137161,0,0,2,11
2239758339,805570596,4886536,0,1,2,4
1342710792,26267648,138741761,0,2,2,43
3221229844,285739104,642842624,0,0,3,41
275783696,201687044,537396321,0,1,3,11
2282756100,1346438208,67158562,0,2,3,37
2134816,38273217,3239052304,0,0,4,13
708616,1627390848,2282029104,0,1,4,0
574620690,76071040,3221357061,0,2,4,7
151126038,1612251392,276834880,0,0,0,0
34124800,2692743704,73402404,0,1,0,0
134288389,2701148674,1107435712,0,2,0,0
301992136,553656868,201491457,0,0,1,16
2138280,574687248,9310720,0,1,1,0
17629232,101875716,3221226243,0,2,1,0
62918672,2952792067,68289216,0,0,2,14
2149589764,570509328,67110058,0,1,2,6
35192865,2225209408,1090557440,0,2,2,11
25101,1677721762,287840256,0,0,3,0
545260872,1191182341,2148155906,0,1,3,11
134500370,281149697,2753634304,0,2,3,15
2484600848,14721088,21641,0,0,4,77
1644453888,2156922400,67178566,0,1,4,33
104898624,134481426,19007648,0,2,4,32
271066113,1225129988,34609416,0,0,0,5
73421824,806357252,1107558929,0,1,0,10
1119881220,2684617226,67203136,0,2,0,0
134258912,77729808,2152203524,0,0,1,36
17170439,809501008,9463840,0,1,1,0
1410336000,25166420,442528,0,2,1,45
3288465474,679478289,71976,0,0,2,37
1140885000,42270978,2148032577,0,1,2,2
2416197896,100696164,159391762,0,2,2,36
2147586368,8522376,1112540164,0,0,3,32
2703876,637535368,17969153,0,1,3,0
1222639617,353378306,267600,0,2,3,4
270270532,538996864,146801922,0,0,4,73
1140990465,5308584,2148304128,0,1,4,19
33669378,2623664,8790529,0,2,4,0
68706368,33067,272895488,0,0,0,56
142606414,573579392,1358988032,0,1,0,14
2152729601,11145280,1610646034,0,2,0,4
1444368,1098981380,2181043520,0,0,1,0
19431553,167783432,1879245312,0,1,1,0
27713,541856000,1233125536,0,2,1,0
553658632,1175486528,2154364929,0,0,2,0
587210882,360724,1208094753,0,1,2,0
622665,2298481024,605052930,0,2,2,21
138441216,2449473840,1074888836,0,0,3,0
42041384,1095764096,2754050,0,1,3,4
40632336,83890372,142617089,0,2,3,0
42222208,138979328,2687500306,0,0,4,0
344461376,2164457505,33579154,0,1,4,33
9438342,153419784,1111492865,0,2,4,0
18915394,2473,369295364,0,0,0,11
33890848,545786000,3162371,0,1,0,27
36741152,988160,1744830856,0,2,0,27
134791552,1074798661,10621472,0,0,1,0
100696225,25694472,2148540948,0,1,1,23
1091612672,671940616,268436755,0,2,1,27
117571620,268506242,545292824,0,0,2,13
541074240,3289120769,2280448,0,1,2,0
536957696,2148704264,1132724256,0,2,2,0
805327888,84934952,2296643584,0,0,3,31
134745122,1108357128,25215489,0,1,3,28
6427008,301991448,2684372998,0,2,3,0
2684371280,287375393,1217026,0,0,4,25
17442304,2147782659,102760536,0,1,4,0
4771904,605036568,2449735937,0,2,4,0
3489710081,136512002,88870912,0,0,0,30
2158305280,403178001,1146095620,0,1,0,6
352847904,134227078,37847360,0,2,0,15
478150736,2150650368,570697732,0,0,1,76
536888418,7078528,50397452,0,1,1,6
35136528,69337249,285315328,0,2,1,11
1880096808,37751046,75894800,0,0,2,69
2147819656,136348944,587743233,0,1,2,20
1141916674,590436,270966784,0,2,2,18
2148010177,1375757312,68223748,0,0,3,14
269490242,184558600,1145077796,0,1,3,52
1124605953,537002188,138788864,0,2,3,20
1577234,228589696,3221227073,0,0,4,13
352403488,2147518725,1075843210,0,1,4,0
2149646434,1606920,562039424,0,2,4,31
343937057,134293764,1090945040,0,0,0,19
2215379104,50333972,6292491,0,1,0,50
2147551308,9961522,302027520,0,2,0,6
8530434,67900424,270598544,0,0,1,14
8425994,540541312,167782480,0,1,1,0
2483029001,34152482,134533248,0,2,1,28
306708516,3221307522,9442568,0,0,2,13
3222291520,335839746,570433797,0,1,2,33
570590240,2422735104,16797780,0,2,2,3
134546952,1075339266,557842481,0,0,3,0
537399814,2315257096,1090529297,0,1,3,10
1312265,354516992,1212158084,0,2,3,0
1703978,100670592,1233125633,0,0,4,69
543424524,2290158080,1107305601,0,1,4,10
1053321,2277636,2835357698,0,2,4,0
2735735040,268522048,8429589,0,0,0,39
1207971970,2394688,805307684,0,1,0,16
1111588928,26235392,2552233996,0,2,0,11
1145047172,17973320,2415985424,0,0,1,17
2751473920,134223377,289996808,0,1,1,30
169871904,335675600,2156168196,0,2,1,18
2148663492,134783520,1698693121,0,0,2,57
38797520,553682980,201601536,0,1,2,0
1074529313,553779592,104876034,0,2,2,38
71827748,2283995144,293607440,0,0,3,17
34073,172032132,1075333632,0,1,3,0
6033664,3229615113,151011504,0,2,3,0
2281751553,17838120,80216384,0,0,4,37
2684390016,1146355713,33701940,0,1,4,8
337645826,3372238848,538575376,0,2,4,0
176193632,538972186,1410336896,0,0,0,21
151040032,536887634,1080034440,0,1,0,0
537070208,2633992,2415936517,0,2,0,0
1174503552,397834,12609600,0,0,1,23
270672512,1115750480,1097993,0,1,1,2
268570240,1095770120,2158493956,0,2,1,0
403836929,8406800,85983332,0,0,2,63
1140883608,10505472,16978464,0,1,2,15
2692743250,269484449,190857216,0,2,2,10
2155892784,352518145,675809344,0,0,3,18
235143428,2658322,2151681057,0,1,3,0
201851056,58720778,1359937,0,2,3,10
138684418,75567137,2685550596,0,0,4,0
134226756,1083197568,2751529008,0,1,4,0
2952823424,1147408384,671818,0,2,4,17
134582336,2228232192,1612859392,0,0,0,11
805376017,5259616,1076002952,0,1,0,4
21282944,268967971,33559376,0,2,0,0
1447952,20972611,2290155652,0,0,1,13
281149446,2752053760,16801992,0,1,1,3
23069008,2281979909,75508352,0,2,1,0
604637188,402686019,17056024,0,0,2,19
1082393612,69224992,402755600,0,1,2,6
1161824264,268551200,2147492230,0,2,2,0
1075317256,681639937,71303648,0,0,3,60
269766720,4759696,637665793,0,1,3,35
1614840960,269238352,8524293,0,2,3,27
336627720,77988,52953408,0,0,4,50
2684354904,67833858,1101023232,0,1,4,50
687874072,67651589,42172928,0,2,4,48
544215048,1149255698,2164326785,0,0,0,11
2147550977,553781254,235143304,0,1,0,4
2432835840,41976325,1074010248,0,2,0,21
33579216,3802116,151293954,0,0,1,35
16942656,1144070144,168313216,0,1,1,0
36837376,276898880,201327265,0,2,1,15
36307009,20992024,2281974784,0,0,2,23
1124090384,2150178818,9441417,0,1,2,8
33562930,1090830400,268568589,0,2,2,0
1082197536,621412356,140509258,0,0,3,16
9699888,1375740224,18895876,0,1,3,0
2155907140,1075974528,272703521,0,2,3,13
172098562,2623501,2961444864,0,0,4,11
536896012,2250245121,419430498,0,1,4,4
287440932,1208484944,1138697,0,2,4,0
2164810240,10487060,200841,0,0,0,36
537149832,2232418832,1510539264,0,1,0,0
2150634528,1376124932,80216336,0,2,0,26
6357003,67407920,25307140,0,0,1,0
277152832,33687590,2690662912,0,1,1,0
1191182342,13242376,136357120,0,2,1,39
1615986944,2550407232,2692104,0,0,2,31
134334976,2219057216,1610617121,0,1,2,0
2282553376,614466562,37896328,0,2,2,62
144704036,1196043,839389440,0,0,3,15
34130176,8392876,1146290176,0,1,3,0
4198949,36242496,210896896,0,2,3,23
2166882464,1749287424,302059792,0,0,4,20
2164334660,604242472,1082265729,0,1,4,25
83918870,2428032,2692743241,0,2,4,10
1107853360,8853504,603996422,0,0,0,37
538971265,67240772,1375764490,0,1,0,0
17586176,1342210212,612368705,0,2,0,0
143261736,18907920,2148802566,0,0,1,36
168820881,2261544,330052,0,1,1,33
1055424,268518433,84156674,0,2,1,26
1084229698,939525264,2148687876,0,0,2,15
603983914,2982144,402655380,0,1,2,14
117440596,270581889,1213727744,0,2,2,0
3261087744,853088,168584,0,0,3,17
140705920,16800257,2961178660,0,1,3,0
50604064,277872905,2281718416,0,2,3,14
838959120,2375756,205525505,0,0,4,17
36241428,881868800,2147624993,0,1,4,0
2348811009,285754496,1074857994,0,2,4,4
16917028,1442841856,2281965698,0,0,0,11
2281735312,1613250592,67250689,0,1,0,4
2281979910,542220288,1082262152,0,2,0,2
271093761,1812071424,2147813448,0,0,1,30
473956872,2113733,33721360,0,1,1,33
638189600,285281536,2113685,0,2,1,38
145441,1099218944,469763592,0,0,2,0
809509384,1107300800,2149646343,0,1,2,2
1224769553,2190491904,268506146,0,2,2,0
2197816360,673972226,268472468,0,0,3,16
1084232712,133684,67666305,0,1,3,28
9175090,318902784,2150645765,0,2,3,0
134754464,302285314,6293588,0,0,4,30
403214848,12656645,34867210,0,1,4,17
2165326850,306446856,538692,0,2,4,13
671891584,42017793,71342084,0,0,0,48
83888420,578815489,2153906248,0,1,0,10
94388736,38339592,671490050,0,2,0,0
3222012424,33589509,80871552,0,0,1,14
146805761,823197728,1075872388,0,1,1,0
1073742186,2587887616,67511297,0,2,1,0
2149853312,1083703361,201327642,0,0,2,13
470028289,34611368,2688582160,0,1,2,0
2273574912,1610747914,134236260,0,2,2,4
2164334721,69615872,142640148,0,0,3,16
276828929,134809736,2772434946,0,1,3,15
2149647648,1619012096,168296467,0,2,3,6
102764640,276859408,2684372100,0,0,4,10
1346377984,738263553,2156134504,0,1,4,5
8427652,1213268032,269246466,0,2,4,0
2170617920,134251534,277874736,0,0,0,35
2684453000,1342178354,109314624,0,1,0,12
2705336320,1218449412,99410,0,2,0,30
2157970704,285413378,295013,0,0,1,8
117571624,134227473,1074319364,0,1,1,37
570696832,1358958626,72564736,0,2,1,0
271581222,2248806400,12871680,0,0,2,14
3289399298,134292552,278921860,0,1,2,34
1086341264,134808322,68195392,0,2,2,13
8524836,82243,2282752136,0,0,3,10
10502440,2583986176,17835524,0,1,3,0
301998149,3224420352,557844616,0,2,3,0
34275352,268488737,1074793664,0,0,4,10
612444160,17825863,2152219776,0,1,4,0
4232450,136839196,8456896,0,2,4,0
16806928,1077412160,142606889,0,0,0,11
202919936,196995,2688843784,0,1,0,36
13893792,69353736,3221231633,0,2,0,10
2292189696,16810161,1413547008,0,0,1,26
68255904,1208502336,2185367553,0,1,1,14
554926080,276824645,813058,0,2,1,13
33632528,25297096,2953101312,0,0,2,0
36176134,805343249,67199552,0,1,2,0
52695056,140044,201329667,0,2,2,7
101777488,671367298,2135297,0,0,3,22
291504896,1187921,75581472,0,1,3,31
1174406408,2172813313,273678944,0,2,3,29
1073946689,140021760,2216689816,0,0,4,35
1075322890,2684485968,8655365,0,1,4,35
37817352,352583700,2150633730,0,2,4,0
66964,324010048,1143218178,0,0,0,0
285231140,1174667522,545817664,0,1,0,0
269156370,41968672,201360192,0,2,0,39
2686582856,46407936,268437041,0,0,1,17
542117897,75508738,2567454720,0,1,1,4
6455428,134235426,805574657,0,2,1,0
1350582401,1059140,2168651792,0,0,2,2
139202564,2147495488,536969361,0,1,2,10
570954754,1329424,1426071556,0,2,2,4
1275152384,2181308704,13111368,0,0,3,15
537935946,295763984,1078469376,0,1,3,0
2215690256,1090652290,142610532,0,2,3,12
134367424,1077944362,16811540,0,0,4,14
2149580965,608338176,285820928,0,1,4,27
171966740,1075873282,2685009992,0,2,4,0
2416066600,97517572,108288,0,0,0,47
1243611649,2164395010,335872288,0,1,0,0
341311744,167906432,8393254,0,2,0,29
554450946,404816960,12593281,0,0,1,2
2151727236,35915872,470295040,0,1,1,12
537931793,869120,184550410,0,2,1,26
1078493314,603999233,150999308,0,0,2,15
1677721865,7341136,192938020,0,1,2,15
3959423232,1051752,23597568,0,2,2,54
4993280,536887446,2575303168,0,0,3,0
805438476,92340608,38277137,0,1,3,24
2223015944,18891042,138941568,0,2,3,9
2282258946,50348165,14944320,0,0,4,45
469776384,16794182,1082425608,0,1,4,11
151061600,537137682,271712516,0,2,4,0
302580744,553689091,139608080,0,0,0,2
537534500,470024384,13666306,0,1,0,19
1090914306,268509268,33604256,0,2,0,2
144736274,414464,1157693508,0,0,1,21
822608192,2150633505,1140918800,0,1,1,18
543293632,1208492546,2181054744,0,2,1,14
33628546,3239576576,147064864,0,0,2,18
683672065,336593000,2147950596,0,1,2,0
281022488,539820288,2298611744,0,2,2,0
1610615364,403439619,2206270464,0,0,3,45
17303814,541147712,134484105,0,1,3,14
68567044,1612783617,268469794,0,2,3,0
277119108,1140855050,539558928,0,0,4,0
50372680,71894144,10754050,0,1,4,42
336732192,1073764609,553714256,0,2,4,22
140640273,1946157570,33563844,0,0,0,25
3154378752,1075840044,107088,0,1,0,75
2426470416,67150085,1079002120,0,2,0,16
201372160,1073742186,541982848,0,0,1,35
2734690312,70779140,406881282,0,1,1,47
673710624,1108348160,2164293716,0,2,1,5
1376781440,2684485670,77611521,0,0,2,8
17432962,337905696,2147532821,0,1,2,0
2298497280,1081870,1644232800,0,2,2,4
2151842052,537143320,118490114,0,0,3,7
1096810502,571998752,75556864,0,1,3,6
23658504,3222683648,335544374,0,2,3,0
1113592064,546570260,67176515,0,0,4,2
37879834,1607776,1476658304,0,1,4,0
2701131876,134825986,1084260488,0,2,4,41
1142161441,830472464,2295880,0,0,0,18
33571203,3473420,1762164736,0,1,0,0
2162163792,101192705,57612,0,2,0,30
36380672,339772418,1083183264,0,0,1,14
5791760,612370048,270827523,0,1,1,0
1149239828,675354624,2148172832,0,2,1,12
4655106,16793877,673198112,0,0,2,17
305136144,4362528,84434948,0,1,2,23
3221231105,33611844,805896328,0,2,2,6
570451200,168458,1080100880,0,0,3,25
136905224,287056,1141932065,0,1,3,10
336859140,1073840658,33557920,0,2,3,10
1075134465,4202892,34243616,0,0,4,16
134684680,570428192,268472454,0,1,4,11
2148270640,4264257,1252016128,0,2,4,30
2281715968,537460780,2490883,0,0,0,70
84034052,807141504,2183137600,0,1,0,0
1510088704,604241931,10558464,0,2,0,39
1208008840,2685206784,6293010,0,0,1,0
46137489,2215653408,2491140,0,1,1,18
18884614,2281706688,1615593473,0,2,1,0
436731952,2688688136,279425,0,0,2,24
134291556,23330945,4027058176,0,1,2,15
672268864,302264321,2150108162,0,2,2,50
19923468,571032576,3355840512,0,0,3,14
8955906,268832792,2150629445,0,1,3,0
8456337,623919104,1112015368,0,2,3,0
34652417,629147776,3630170112,0,0,4,0
1107334148,2214985761,25231560,0,1,4,5
1140855184,276826696,835589,0,2,4,6
567306,14815248,1879114816,0,0,0,37
1073744706,16515072,738426880,0,1,0,13
67895372,572530691,2416052752,0,2,0,0
1641021440,2150106248,201361441,0,0,1,56
268486400,4337730,3355508745,0,1,1,0
8489473,587211010,3412064,0,2,1,0
805310595,18096672,37882884,0,0,2,22
547487756,1077937313,2148110338,0,1,2,0
1140932680,8782465,2555381760,0,2,2,6
2148796800,109084740,539038210,0,0,3,21
1610777604,2183217216,277350536,0,1,3,8
1073762480,10782722,20973068,0,2,3,36
286764,411566160,637539584,0,0,4,14
9504032,577668,54657552,0,1,4,24
34882576,2152211072,1082165281,0,2,4,0
536887976,2149586949,202899522,0,0,0,0
1192480,265544,1210056838,0,1,0,11
3212322,537169929,88752128,0,2,0,10
1342312544,5308692,211829248,0,0,1,14
2147680848,17318304,180361216,0,1,1,5
134224424,17368336,3259105408,0,2,1,0
2158495232,5249282,470032512,0,0,2,17
3224412160,268438578,38404360,0,1,2,55
2416479232,67240744,1610940548,0,2,2,29
2215642160,318898433,1208494082,0,0,3,40
2148601986,270960,1124220936,0,1,3,29
2152022272,69210264,143140896,0,2,3,13
1108607041,10498208,268485652,0,0,4,34
68239504,168297792,1073907745,0,1,4,0
17105666,73007105,3254788228,0,2,4,0
1196550,8652952,23109696,0,0,0,18
18417666,4231220,167919936,0,1,0,0
1100484608,536920456,268697716,0,2,0,21
872943624,1197121,1080304128,0,0,1,12
68158610,2449508384,1098907913,0,1,1,0
876609632,2156167178,134232321,0,2,1,65
140513304,285247584,1644756996,0,0,2,18
79700160,3148056,2969829408,0,1,2,34
2164260,2165311680,546058240,0,2,2,0
9652224,37786116,555745442,0,0,3,0
1350570008,134381730,2686452229,0,1,3,6
805306652,1291849730,2181695552,0,2,3,9
1077985320,2416968257,8925190,0,0,4,4
541098257,2214594602,58733056,0,1,4,7
12583218,136351812,84492296,0,2,4,10
4743456,738394128,269521984,0,0,0,0
171971585,2416197792,2099230,0,1,0,10
4063236,155190785,2248167426,0,2,0,0
1678114944,154173504,2185235472,0,0,1,7
402681920,2185232901,69730608,0,1,1,37
169910400,1073807449,2701148674,0,2,1,14
50397446,581728,810811408,0,0,2,0
4293185,305139968,75636742,0,1,2,0
75501609,2150793218,1342186244,0,2,2,0
2147750945,52453888,403212304,0,0,3,42
8930832,136314982,3289385216,0,1,3,0
1107855362,270925841,549520640,0,2,3,21
2164310019,80742432,270799364,0,0,4,22
537313281,301995168,134816272,0,1,4,12
277086277,2685469698,1124075680,0,2,4,3
2553282562,531264,50667648,0,0,0,54
2500853792,265985,545427584,0,1,0,52
1141162112,279058432,2147557638,0,2,0,4
285216865,67297296,1610680834,0,0,1,18
2325741632,268715268,554177040,0,1,1,61
4198982,75768065,537527440,0,2,1,0
83902604,42082832,138936387,0,0,2,0
67773504,268435769,570458756,0,1,2,46
371728384,2156923648,537002041,0,2,2,0
2148044960,285229336,101974529,0,0,3,42
2147628064,270073928,1075841157,0,1,3,16
593494024,67111716,276960257,0,2,3,4
2666624,2287206401,2394,0,0,4,0
133460,142938624,3238035496,0,1,4,3
17441808,1075857474,2156954368,0,2,4,17
537141346,186122496,270712848,0,0,0,68
24873,109252608,538969110,0,1,0,0
19939331,268698824,42109184,0,2,0,0
2286952480,1073827920,612401161,0,0,1,30
2359480,42139906,71353345,0,1,1,14
1090520337,33624616,279060608,0,2,1,6
1074864642,2298482952,38535236,0,0,2,42
747634696,1076117824,4264592,0,1,2,22
2450522208,321664,16847896,0,2,2,43
18874457,134586400,1174931968,0,0,3,0
2281717864,1082400773,288391170,0,1,3,27
268964912,169878080,2165571844,0,2,3,13
3223324161,638060672,364804,0,0,4,20
26214960,939528576,1076430849,0,1,4,0
1342277664,135533060,2187329920,0,2,4,23
19538944,2181038406,1276121120,0,0,0,21
2420117576,50594852,671227922,0,1,0,27
541212706,143132692,2516583680,0,2,0,0
38080640,540016666,1417814016,0,0,1,0
168298640,22041600,1082262025,0,1,1,11
556007688,109580352,2281883648,0,2,1,2
68161674,1124335696,2292252673,0,0,2,0
142656520,287320065,71565956,0,1,2,18
136382721,268828716,2218803728,0,2,2,0
2686517258,1070100,151388289,0,0,3,17
2164287520,209719305,7110672,0,1,3,48
274993664,184565904,1082327076,0,2,3,23
20971921,1686245376,2148010058,0,0,4,0
939525216,1086587648,20451329,0,1,4,62
1879310852,136331656,67677184,0,2,4,37
4997377,1887445008,152044578,0,0,0,0
2282225733,50602008,1084358914,0,1,0,58
2150105696,79970560,268567566,0,2,0,38
143663169,35718528,3762295296,0,0,1,11
34740226,343933972,155468032,0,1,1,0
137887936,1094747648,8716332,0,2,1,11
2179184,3255829508,264715,0,0,2,11
549490704,20135936,402663968,0,1,2,4
270552,141590784,67131395,0,2,2,11
813727768,2216756256,921605,0,0,3,5
8398885,2415939594,202506320,0,1,3,0
286396672,2149647904,206053504,0,2,3,20
335569088,34079013,5636120,0,0,4,48
574619937,336085122,1224743424,0,1,4,6
1149248016,554254464,2319483904,0,2,4,18
809502753,283156,1092780096,0,0,0,7
220336128,1073807399,549748752,0,1,0,0
402655876,2154496000,287784,0,2,0,2
304088073,67399744,4227622,0,0,1,30
2961187840,21626948,134269448,0,1,1,47
1098929152,71467025,34867520,0,2,1,24
26492960,2415927322,70725,0,0,2,31
704725000,336593090,2151678229,0,1,2,23
588255240,253968,1216350368,0,2,2,11
33572938,541074049,1074107392,0,0,3,0
1140918278,273023000,136876288,0,1,3,5
792768,1476403233,2200977408,0,2,3,0
4525088,226492419,2245132,0,0,4,13
1629487264,2155905285,303636480,0,1,4,16
1107302914,2219844608,136364296,0,2,4,13
2684502028,58786306,71338256,0,0,0,31
541329456,167776449,269156610,0,1,0,2
393865,3355542528,562038864,0,2,0,0
1476415489,2623650,117506068,0,0,1,46
6572160,68255764,2692747297,0,1,1,0
4402176,806371334,218103976,0,2,1,0
794913,2218870784,1375895680,0,0,2,15
134480041,2147491330,24182788,0,1,2,0
71447040,1744831632,11601921,0,2,2,15
2149614736,536871267,1150550528,0,0,3,9
117508352,538183296,1073750070,0,1,3,0
2218786947,539363332,1359036432,0,2,3,19
69230658,1124663297,2147619108,0,0,4,0
2147647569,1080625152,320077832,0,1,4,29
541068305,33620294,427851904,0,2,4,8
2185379904,68192392,546046212,0,0,0,18
337117824,3762291008,58737672,0,1,0,10
9109633,2164525090,1711293440,0,2,0,0
268460054,146834560,2215706944,0,0,1,11
2186289154,152132,1224998960,0,1,1,16
542115200,2181695489,211845152,0,2,1,0
3758376960,36704784,146800962,0,0,2,51
345112640,2148010012,1090781984,0,1,2,42
296755200,34215938,671383624,0,2,2,14
1257984,294160384,3762552896,0,0,3,15
2168457281,1143554048,436208652,0,1,3,11
17826097,138596352,1342245378,0,2,3,0
3774908416,20774,101713409,0,0,4,19
149571,2181333128,1157640208,0,1,4,6
285316096,4997200,34611466,0,2,4,2
1082429952,402737216,638058626,0,0,0,28
807538689,3355443276,26231056,0,1,0,0
25168152,269026369,140550656,0,2,0,0
704548,3226477568,10488067,0,0,1,0
3154008,2147534853,80019488,0,1,1,32
3288345088,268501038,4985872,0,2,1,52
459336,614465541,1073784962,0,0,2,22
1141309441,2688551938,3170496,0,1,2,35
541099044,723464,10756416,0,2,2,6
203464712,4851970,2961195520,0,0,3,11
537266704,2415939716,152051745,0,1,3,0
276965440,2689073164,38304,0,2,3,21
689049600,103022722,1073758733,0,0,4,25
1151344704,2554335233,33637424,0,1,4,13
136841226,1174413632,286262305,0,2,4,0
553721985,273711424,1275072546,0,0,0,21
1141047302,692084736,561488,0,1,0,2
151617568,2752516104,394433,0,2,0,0
2166620240,235929612,13107746,0,0,1,30
973079056,2151972870,1091059969,0,1,1,33
193994752,3221782564,537215744,0,2,1,36
142657544,538972321,88604930,0,0,2,21
143032352,355467272,537477185,0,1,2,0
675545608,2156005520,67186691,0,2,2,14
75512320,2148614210,37782548,0,0,3,50
806027392,41949252,3154216,0,1,3,31
178782240,621805760,1342390288,0,2,3,0
35720320,67649603,693108740,0,0,4,0
537920336,1078018058,2281707553,0,1,4,8
274989068,738200065,3221766240,0,2,4,0
8430722,606146624,34621449,0,0,0,25
405799938,33591952,2688876545,0,1,0,0
335545232,1073914881,2152747072,0,2,0,0
2158495872,138690625,67285000,0,0,1,29
1076104448,34086956,546377729,0,1,1,6
67283968,578814128,2555379968,0,2,1,0
2684362850,303040644,1076200448,0,0,2,31
878710784,33817628,18399234,0,1,2,24
134357029,2148532882,293606464,0,2,2,14
1342308936,2208301060,67409936,0,0,3,39
402702976,4597764,34669616,0,1,3,28
1346701312,35684490,17842257,0,2,3,26
2216689986,168330256,8790052,0,0,4,40
76122112,24248324,2952806529,0,1,4,0
6824016,16912545,67191306,0,2,4,38
537175104,269566088,2216691715,0,0,0,31
59805696,270535689,2148278320,0,1,0,0
637673504,4946,269028360,0,2,0,20
2147758209,338837504,68882,0,0,1,2
134492240,3321890820,273154570,0,1,1,11
570433605,4214528,1350598690,0,2,1,4
12720192,271581716,1141146625,0,0,2,24
1209339904,2261192,4719111,0,1,2,65
1346962432,2181301024,1093652,0,2,2,30
2156005920,604505280,1342205954,0,0,3,12
1141375184,2198143008,13648129,0,1,3,44
5259872,2281799698,33948036,0,2,3,26
83886182,273711233,1610744088,0,0,4,14
1174536264,150997776,2686779396,0,1,4,11
268961926,1681982464,10637344,0,2,4,12
533800,555090432,402753540,0,0,0,15
148901952,1342202370,538247300,0,1,0,0
570475584,84942984,2290358272,0,2,0,0
2151707648,101318662,1075905216,0,0,1,17
688652416,69218369,276875280,0,1,1,39
3221291096,553648294,243272192,0,2,1,10
10486657,1611268108,100680752,0,0,2,0
67142290,1352668160,2852143360,0,1,2,0
2147492489,204474370,1644265488,0,2,2,13
345247744,2688696832,2097369,0,0,3,31
272769092,137363491,2709553280,0,1,3,0
603980852,2554363905,8528704,0,2,3,0
2720006408,1074806834,333889,0,0,4,9
77071488,286748,2149713986,0,1,4,14
1140854274,2153513088,2154516,0,2,4,16
1075904898,625475600,156232,0,0,0,4
314572866,1311788,2164855296,0,1,0,22
1073873068,139461890,553691152,0,2,0,19
543690754,303072384,2155872540,0,0,1,12
570427668,1074368576,68297344,0,1,1,7
956301441,2158232578,1132804,0,2,1,16
277168144,100697348,150997513,0,0,2,27
278921793,554041354,34087060,0,1,2,0
63307776,2148598820,335544851,0,2,2,0
268452258,2147555340,619708416,0,0,3,2
2207252992,67929089,673187912,0,1,3,13
21495882,1141942272,805634592,0,2,3,0
236060673,1074037392,536949764,0,0,4,11
839983104,1086329408,84574224,0,1,4,2
2415925536,1213202562,67543104,0,2,4,36
2172649494,67179073,167937152,0,0,0,9
38994,83952680,2181300993,0,1,0,20
553951234,2181693953,343998500,0,2,0,0
671232064,1113587722,2157216000,0,0,1,0
135283012,807927848,1073848464,0,1,1,14
406857760,1109934088,164115,0,2,1,36
2165047368,234898176,279054464,0,0,2,47
125829250,166688,1075847196,0,1,2,0
310640960,1091568146,2153791528,0,2,2,21
1348796416,2281739008,545275988,0,0,3,6
2182096912,1904214144,2248968,0,1,3,28
1078087681,8422000,537657478,0,2,3,16
9048098,268501276,3355444416,0,0,4,10
1393920,21530640,178258112,0,1,4,0
76156929,539232772,1074798754,0,2,4,0
302121490,16778444,2150711297,0,0,0,9
152043714,805572641,2237460,0,1,0,11
144183328,2252820,1661010048,0,2,0,25
1082171712,151258136,108019712,0,0,1,5
1124335626,11669505,138414404,0,1,1,12
37094400,2701131937,12585538,0,2,1,0
402694224,101189121,8523944,0,0,2,78
69216528,545554504,1379926530,0,1,2,10
1782583296,84411412,2147565729,0,2,2,15
2197820032,7604256,142778369,0,0,3,58
77611041,1493237768,537043984,0,1,3,0
587206976,269566980,1082401296,0,2,3,18
4587618,2499870721,1108345108,0,0,4,0
604635328,1343520776,2172650032,0,1,4,0
102763552,411090960,554958860,0,2,4,0
167805074,541983744,2123781,0,0,0,11
165930,872488964,2303721984,0,1,0,0
100696071,2147760640,1610695808,0,2,0,0
2819639296,33723904,285221040,0,0,1,48
1073792144,2281705793,18743808,0,1,1,0
4195491,310902864,1677789440,0,2,1,0
539500547,2219051520,1073840228,0,0,2,0
160436240,302514310,2147755328,0,1,2,0
352452704,8499712,789528,0,2,2,22
269353473,3766550560,167777300,0,0,3,0
8463400,2415925254,1648918528,0,1,3,0
16859329,36438280,680536064,0,2,3,0
1207992408,21368833,276826882,0,0,4,44
1073743241,34275362,8671808,0,1,4,20
34605318,3372220433,538988584,0,2,4,0
71844866,705036416,1075841304,0,0,0,0
2214658083,1493213184,7082240,0,1,0,4
35128864,805707792,1092684032,0,2,0,0
1077888,2432697412,71368723,0,0,1,0
50401292,3162753,3770679298,0,1,1,0
553912580,138421313,2150125696,0,2,1,0
67240071,167862784,1082393648,0,0,2,0
3489662528,140902401,76562690,0,1,2,59
3489711104,537270276,17310217,0,2,2,28
605306944,8917538,1208157440,0,0,3,21
2154954756,469762880,537403554,0,1,3,2
2152800272,393666,209720324,0,2,3,23
174063619,1611671808,8393380,0,0,4,0
1213202945,25780224,604012744,0,1,4,37
136593538,2176854016,1141933312,0,2,4,21
2233794560,34636298,9048256,0,0,0,42
19005970,1476460801,38322180,0,1,0,0
151028354,2151810312,1074344000,0,2,0,0
335577114,134302724,21762112,0,0,1,36
1216380964,39985280,68157963,0,1,1,24
551937,411074690,2429472,0,2,1,21
188748288,417798,539494688,0,0,2,0
541073960,8536325,2181302290,0,1,2,25
269747233,186646596,1145192456,0,2,2,25
1077940276,168640512,3181057,0,0,3,48
525032,50471938,1075124224,0,1,3,0
27287616,525492,1409421824,0,2,3,0
2150699024,281151552,537150728,0,0,4,34
168132864,814744704,16802314,0,1,4,14
1109395492,143167552,336594050,0,2,4,23
3225489472,77594886,671106065,0,0,0,34
35783698,84937024,1074335876,0,1,0,0
285220920,1075118464,2150239232,0,2,0,19
2265448464,1084391936,272634122,0,0,1,32
320865281,1208107200,67182896,0,1,1,10
813699081,67510530,1092649488,0,2,1,7
143139074,1178599616,167973,0,0,2,21
3752448,8522064,306450560,0,1,2,24
2487223328,1107339776,9830658,0,2,2,11
571572480,1073743992,140771841,0,0,3,13
2684355722,10500352,1108869696,0,1,3,25
438829072,549717056,1074827297,0,2,3,0
34801668,556531968,2214630401,0,0,4,15
25232768,71567369,1342317058,0,1,4,0
1746944064,268610560,55054592,0,2,4,32
2296322,2626158592,16818280,0,0,0,0
1073811493,2214626376,159517184,0,1,0,0
69304896,3758231556,9969697,0,2,0,0
2172944416,1712131,69210816,0,0,1,19
1509951496,71312768,2148565104,0,1,1,31
650125312,134234758,1075874049,0,2,1,31
168951904,1074561048,2231370243,0,0,2,28
31461377,672203010,67904016,0,1,2,0
118493216,42320,3758227465,0,2,2,0
541099137,285540866,34627848,0,0,3,5
53763,54593552,3355706432,0,1,3,0
4342290,2417262600,687868036,0,2,3,0
33571363,2417135616,673513728,0,0,4,0
75632657,273712256,34341640,0,1,4,35
2148141076,12633089,452984962,0,2,4,34
219168769,805573152,2149648768,0,0,0,15
9445652,1409352705,50466888,0,1,0,0
1107300363,268740640,2214723972,0,2,0,0
92228,281281537,1107857536,0,0,1,14
83887141,149962752,1073813522,0,1,1,0
3126,2283802696,1615462528,0,2,1,0
270569602,146801169,33638440,0,0,2,19
134218779,2154039360,1887502340,0,1,2,0
541590720,1075906584,2214985731,0,2,2,14
71308424,51519490,277348464,0,0,3,64
2319581188,270024738,1140924552,0,1,3,12
1606913,1619132992,406917248,0,2,3,0
2424324130,54559104,604831760,0,0,4,22
67417088,2281701468,1074284801,0,1,4,0
3227519008,67159553,840433666,0,2,4,31
2684363267,1077953920,277743616,0,0,0,36
270076928,1681916224,36044848,0,1,0,0
1091043656,2450526336,2409473,0,2,0,0
2164523284,3676672,1619034177,0,0,1,4
1250305,402686344,3254806528,0,1,1,10
16846918,738330752,12878344,0,2,1,10
1074308097,335616002,159383820,0,0,2,40
354419720,1055042,3355754496,0,1,2,0
940573824,50407440,69341194,0,2,2,43
4229412,3420176,671220745,0,0,3,14
2449483008,69928960,553648233,0,1,3,61
2415955978,159384624,4285056,0,2,3,20
1074266465,675318784,2197815814,0,0,4,32
1074954754,2147763236,35717568,0,1,4,18
6619142,2685927937,92283152,0,2,4,0
1090782256,100763712,2818580485,0,0,0,4
2186018824,1611759620,335691920,0,1,0,6
545341458,285509760,2753057,0,2,0,2
572592132,269369472,5245208,0,0,1,28
289411456,546571265,1075881986,0,1,1,7
37826564,25692680,2416197666,0,2,1,0
2281783553,68036608,536871034,0,0,2,28
600067,2160328772,1375748136,0,1,2,0
138807360,67125897,269026576,0,2,2,19
167805955,537407748,285474920,0,0,3,0
12640288,319160324,1679819272,0,1,3,0
2415924289,1619296512,33579652,0,2,3,22
730113,541085768,176193554,0,0,4,10
28835844,67445056,2722123776,0,1,4,0
135283457,336332832,33686604,0,2,4,37
1074811520,8554561,16785466,0,0,0,44
209977488,2701328448,1075880704,0,1,0,0
2181595272,1023426560,1078199042,0,2,0,6
572531713,1354762242,2147488548,0,0,1,15
268764289,2172651568,570978304,0,1,1,0
620789920,269041674,2290225168,0,2,1,16
1210204176,5505548,8987649,0,0,2,41
69730449,277135368,134225184,0,1,2,0
169345027,6291672,1619012608,0,2,2,11
537919578,83911681,276824740,0,0,3,16
1612726532,16778298,8661184,0,1,3,18
679514128,2215125184,1049643,0,2,3,0
571487232,2348843280,21252224,0,0,4,22
2150895617,46662658,553657096,0,1,4,4
1007419392,33577025,3223322914,0,2,4,0
553943058,102768652,721281,0,0,0,17
2164805634,1879310356,12779649,0,1,0,18
146810112,1107558498,2164392592,0,2,0,0
12603936,2416148736,67117210,0,0,1,0
335904772,553648488,134751362,0,1,1,13
3222274689,570499096,348389378,0,2,1,10
184566020,335545481,2155971088,0,0,2,21
1115336,1346912272,2760118272,0,1,2,0
1142034464,319299588,142706704,0,2,2,32
136397072,273713156,1652695040,0,0,3,11
1091567905,608796672,134615060,0,1,3,30
67895315,554731528,2193625344,0,2,3,13
1073758409,178389248,2169503792,0,0,4,21
86114824,302001408,1082245122,0,1,4,0
201605185,2147493010,1879605504,0,2,4,0
83890438,3277024,3791675392,0,0,0,14
102246400,1073746996,411173384,0,1,0,0
1095238400,268482576,34619523,0,2,0,4
2181106432,1486881792,4333596,0,0,1,2
1150294016,269082624,52430081,0,1,1,15
3416577,1140916612,272681984,0,2,1,25
134611096,1059585,3330293760,0,0,2,11
3389128768,336625688,545276419,0,1,2,50
169885825,2483618816,17830664,0,2,2,0
1082199168,2185773064,268440164,0,0,3,6
436248608,1141047816,2166359169,0,1,3,13
1090584626,2148581441,33826432,0,2,3,0
4522118,34222088,536904033,0,0,4,0
753730,2165309957,1619280128,0,1,4,0
873463844,8398600,2148155472,0,2,4,22
620888200,1073749252,34439170,0,0,0,15
268566803,1079250976,8995456,0,1,0,0
2957008896,10782722,524969,0,2,0,24
152044578,2248163472,8950336,0,0,1,11
2360841,4771904,1091567908,0,1,1,0
151322642,2721058816,75530284,0,2,1,0
88147976,1073767696,10518598,0,0,2,0
1149239363,838929408,151814272,0,1,2,2
2149580860,210075648,809509056,0,2,2,4
9462024,2164785684,203816961,0,0,3,24
201400864,4198547,1610631432,0,1,3,13
6183,21365888,277381144,0,2,3,20
1073778984,83952769,840564736,0,0,4,40
22153472,335891,76055168,0,1,4,15
2290094148,1076691968,805437825,0,2,4,35
134783106,54546433,612761664,0,0,0,37
2149123088,1210060896,20973575,0,1,0,12
136454280,1069571,1098940676,0,2,0,14
442515456,2684880416,1149370498,0,0,1,18
403183617,1360928,100663388,0,1,1,21
302254593,1610694674,19924160,0,2,1,0
1140859488,2164824064,840958210,0,0,2,28
9981960,272736,2453766144,0,1,2,11
35685024,1153449986,18612292,0,2,2,0
50880513,427280,1207961740,0,0,3,0
1384194048,152045728,537821440,0,1,3,31
2688581698,37240960,1476399152,0,2,3,8
8553280,2164271114,1343815712,0,0,4,0
403964168,67141827,2688551968,0,1,4,0
46400528,2350925824,1074954624,0,2,4,0
2101539,1078101504,2172928008,0,0,0,0
939526304,1084240384,16942145,0,1,0,13
1073810564,2432696642,6340656,0,2,0,0
4563200,1376257536,18894881,0,0,1,21
69733504,262762,12660737,0,1,1,24
268528128,147193984,3290988544,0,2,1,0
268834824,541082304,2284322833,0,0,2,7
2300837896,71439872,1082146916,0,1,2,20
1376012288,67110072,18489345,0,2,2,28
2148672513,346046720,793216,0,0,3,37
43253800,2219315204,805324096,0,1,3,0
36176914,1610629665,1384580,0,2,3,0
2215968772,1208099584,575618,0,0,4,26
541656576,1107300408,270534663,0,1,4,0
302071876,68297088,1744831000,0,2,4,14
2617507904,6455301,8406786,0,0,0,46
4458761,1213956,44060688,0,1,0,0
1704288,2214671360,578863112,0,2,0,0
604000640,26740224,402694150,0,0,1,14
1745028096,2147502180,377487624,0,1,1,26
101195848,2164560384,1881145362,0,2,1,0
25567744,503316516,67010,0,0,2,25
163918,269025809,1124083968,0,1,2,0
1086062592,603987994,285298752,0,2,2,47
2147517190,562692224,71631880,0,0,3,12
2701656193,335544440,1216630784,0,1,3,19
17498146,1093776,614466624,0,2,3,0
2149064722,172261380,67326080,0,0,4,80
1074307588,87031818,134235472,0,1,4,17
1074941968,11077636,2147484640,0,2,4,18
541196481,1342710800,68161802,0,0,0,15
38277633,3019899936,9896064,0,1,0,13
4917312,134219022,2450530320,0,2,0,0
3212808,2156150864,21104676,0,0,1,14
1346380292,101193984,10650656,0,1,1,42
8950080,1142947892,2169505800,0,2,1,14
835848,1080166402,2323644560,0,0,2,18
2785543168,1342472705,13764672,0,1,2,24
570491013,10520834,2416190496,0,2,2,4
613417488,168298760,2164523078,0,0,3,27
1073852480,2248672272,13631750,0,1,3,44
541851688,1090240,2348941569,0,2,3,0
1073792768,373620736,160440384,0,0,4,15
319834112,537531424,69272074,0,1,4,0
84148745,3230140432,5324930,0,2,4,0
92471300,36178304,407904272,0,0,0,10
269160704,68419730,704667656,0,1,0,0
755040260,2183661600,9699416,0,2,0,0
2690646096,268976387,276516,0,0,1,56
18448388,2216698120,411059216,0,1,1,0
2147766284,125960320,1157376,0,2,1,2
289409552,41975819,671355040,0,0,2,4
1095762056,142630915,2181726464,0,1,2,11
16790026,102957060,1343228960,0,2,2,0
281576448,1073762385,201457798,0,0,3,13
142611476,270614531,2248147776,0,1,3,15
27525249,1275101218,307757060,0,2,3,0
2483290115,153157672,537925764,0,0,4,20
2361680,948961281,3254911492,0,1,4,0
135531528,281022722,1090658324,0,2,4,0
136385025,1620050080,34243588,0,0,0,28
50338064,136446500,67682440,0,1,0,0
172130432,17318156,805372481,0,2,0,0
271614977,71372818,17188928,0,0,1,16
404750530,117711360,1078511616,0,1,1,24
285347858,671115272,34112769,0,2,1,0
21235745,1209008262,10621000,0,0,2,3
553915904,350226432,549200,0,1,2,12
2751987777,268703488,33785864,0,2,2,37
117461008,656196,2550210562,0,0,3,0
2147879552,406884360,536871267,0,1,3,36
545522016,3506438784,1142785,0,2,3,0
269066272,84934787,1074009360,0,0,4,27
134234691,13115552,604143880,0,1,4,21
2449608768,142623362,557940992,0,2,4,30
34603065,213927936,2687042048,0,0,0,11
134350100,604283008,42025032,0,1,0,0
2181115912,1074791188,277349505,0,2,0,16
2692878464,33563161,2376800,0,0,1,29
140783616,293748992,101255172,0,1,1,11
538060288,2147555376,1107607556,0,2,1,17
2282357776,1627652132,80806016,0,0,2,27
706568,42205265,73474304,0,1,2,27
4840,143704066,1113588737,0,2,2,0
17052676,813826057,104859808,0,0,3,11
5458,3489728640,139493896,0,1,3,0
1079509264,293601473,539009544,0,2,3,4
75531040,1610625034,2166622336,0,0,4,0
2684428368,1142425632,138548228,0,1,4,75
1208096256,546316545,19169300,0,2,4,2
69370376,2697003072,535572,0,0,0,10
673189922,269880320,1082679424,0,1,0,0
553652866,2885728,2148541464,0,2,0,0
302385216,1581448,211812880,0,0,1,24
1444353,2701140036,1140854960,0,1,1,0
572006404,339742785,2172650032,0,2,1,23
33820686,2283962624,1346371808,0,0,2,10
50544768,268448792,9439302,0,1,2,17
4982801,2583700480,547422274,0,2,2,0
537494536,2165313570,373309504,0,0,3,5
271089936,1079394304,8463490,0,1,3,5
204734465,1082282240,2202042384,0,2,3,11
352326016,1074448384,671416368,0,0,4,0
148554,570962048,2148630576,0,1,4,3
143007760,2684424452,2656832,0,2,4,11
2484077584,156225,19169290,0,0,0,31
133269,671093856,36970498,0,1,0,0
42600480,67183362,2154037268,0,2,0,0
85000352,2282237956,279183384,0,0,1,38
269584448,147062817,2149582480,0,1,1,0
3233808644,1409104,151131137,0,2,1,32
6312128,2282881284,1141637144,0,0,2,14
1084370944,2382364816,269746190,0,1,2,6
1627525248,25095,71827544,0,2,2,14
2172780610,1207971860,539263009,0,0,3,21
268567061,2151960704,219676680,0,1,3,5
117973024,1342474244,544211208,0,2,3,0
2491584,542646280,83951905,0,0,4,0
2684371504,169087040,270575617,0,1,4,37
2166390818,672272512,330820,0,2,4,25
688390156,2182120449,4341858,0,0,0,17
771768321,9699632,2149587458,0,1,0,2
72093704,838863232,2147648592,0,2,0,7
33862144,291506177,1149763776,0,0,1,15
1361051651,104940032,143917152,0,1,1,26
8675648,488638464,5373980,0,2,1,0
8390882,140517636,34161680,0,0,2,15
536740,2215772184,1094779906,0,1,2,13
671187458,2148024528,46140424,0,2,2,4
1883259136,136316128,33956368,0,0,3,38
618692608,134218854,2417361408,0,1,3,0
570458464,1118356,138952707,0,2,3,13
54534288,2550138116,1621131776,0,0,4,11
2185764992,142624260,463105,0,1,4,23
139460705,302004228,10520066,0,2,4,53
2281742594,537008656,1087111172,0,0,0,32
1241514245,89129040,312456,0,1,0,30
537723144,2415944706,42107040,0,2,0,0
23151104,2818834465,1073877132,0,0,1,0
39912464,1208483909,268608032,0,1,1,0
5505098,35662081,3758129296,0,2,1,0
42401794,155225088,3149957,0,0,2,10
826279952,70303748,33620107,0,1,2,8
536912704,403046448,1157630088,0,2,2,32
3254845445,81807360,402694402,0,0,3,10
1883254784,85983269,134285400,0,1,3,62
381681696,2281769090,1331716,0,2,3,0
4739096,100926978,3221366816,0,0,4,17
1075859492,2147845121,587727424,0,1,4,13
537526420,268478497,29622344,0,2,4,13
26122,269222164,2157117472,0,0,0,0
285344048,2147502276,168034825,0,1,0,0
9439432,287327234,2181726720,0,2,0,18
37781772,1342373936,84939328,0,0,1,0
293609477,201853064,570462274,0,1,1,28
1655936,2550401028,1619001928,0,2,1,0
1610875176,2164392454,344460288,0,0,2,35
1384382496,1188369,738721802,0,1,2,32
604004866,2552299552,9568592,0,2,2,0
2362128,167806048,805904512,0,0,3,0
555778051,67977232,5540,0,1,3,2
2214609158,1214255616,553648360,0,2,3,4
1188362,281543040,3758145568,0,0,4,24
134287884,269633600,2701164928,0,1,4,14
538191888,3242197002,302518401,0,2,4,0
2197848640,1344430080,616825856,0,0,0,6
21112320,3222274324,134223945,0,1,0,0
1080066051,352846208,2189492744,0,2,0,0
704651536,2160069760,286457860,0,0,1,26
1210224640,2181122176,5767235,0,1,1,11
39858432,3976200192,787593,0,2,1,0
270558720,2147780752,1082261541,0,0,2,0
2416511488,3147138,608321544,0,1,2,33
33735936,1145049616,144711810,0,2,2,7
268746764,697303296,2185895936,0,0,3,0
1212416514,8454316,555876672,0,1,3,22
4514816,69730594,403704328,0,2,3,11
67375156,1079509249,302186688,0,0,4,44
2232434752,436862980,547619872,0,1,4,30
4456732,571998848,2292318240,0,2,4,0
21268512,1082130888,536880657,0,0,0,0
940179472,2152742984,1124082048,0,1,0,7
1610629649,50861120,68323330,0,2,0,21
2147484547,275816448,192958464,0,0,1,2
1210057228,1220928,2487484432,0,1,1,15
4358944,1343235073,266326,0,2,1,0
143269904,2416182020,3178,0,0,2,14
272892098,67264517,2624024,0,1,2,33
340033600,3791659136,8916225,0,2,2,0
2694905864,426177,1157630466,0,0,3,6
335938080,1082664000,50364444,0,1,3,18
213552,134252557,2148533570,0,2,3,0
3285760,376928,1711278088,0,0,4,0
75515264,556009473,1107300932,0,1,4,0
69306880,25436256,135398530,0,2,4,0
478169088,2181046794,554959936,0,0,0,18
303040770,2166621188,134406160,0,1,0,15
100941844,8984704,4047503360,0,2,0,17
1575216,1361313794,167870977,0,0,1,25
319840256,537200900,2785298,0,1,1,22
41976084,270533282,152576064,0,2,1,0
1107306514,155516936,2148008896,0,0,2,0
1075126274,2504001536,33686789,0,1,2,40
2822766864,535106,1108362248,0,2,2,10
18382858,33573984,1682186240,0,0,3,15
285771792,201348608,8724520,0,1,3,23
580157440,1073824785,289415744,0,2,3,0
2214597668,5275970,143392777,0,0,4,50
275251744,218107909,34637848,0,1,4,15
20972803,2451570700,1074200720,0,2,4,0
9732368,1611202632,27682,0,0,0,11
34081360,142644480,1678778370,0,1,0,0
19423488,1048700,167840769,0,2,0,0
4381,1207962178,303136896,0,0,1,10
269623440,2684652032,1076429828,0,1,1,25
542640160,2265091,469770260,0,2,1,22
541609986,1176502464,2164590624,0,0,2,24
340820000,538970888,3221377025,0,1,2,10
1384316928,5256704,151781416,0,2,2,37
134254730,2368608,281018900,0,0,3,11
2281705548,273195009,70271136,0,1,3,59
3221487637,310452288,624955424,0,2,3,18
34390144,3087073536,71311410,0,0,4,0
201597953,3238019144,35689088,0,1,4,18
38338578,1342452736,25198729,0,2,4,14
411304512,1094713484,606076963,0,0,0,39
67112040,1101135888,2151981312,0,1,0,4
34079239,26361888,2818607120,0,2,0,0
543293576,33829632,1209041922,0,0,1,2
1628045316,268509762,172000257,0,1,1,23
147333128,151748,604013104,0,2,1,36
335577222,2243072,2182889472,0,0,2,16
4719716,135528848,2684373512,0,1,2,0
1078989057,2449817600,2656324,0,2,2,0
5775456,270615556,264963,0,0,3,26
14944768,3506569232,537415746,0,1,3,0
35655939,1627522176,1067592,0,2,3,0
2150894080,1258364928,8389929,0,0,4,5
572526912,1350830088,16860676,0,1,4,25
69206046,1912651776,2164654240,0,2,4,15
2164531296,310411400,538051077,0,0,0,41
2317361280,1082214656,16908387,0,1,0,34
1652621568,37464,135268389,0,2,0,25
1074810960,2225086466,805896708,0,0,1,11
139632640,78118948,3489661962,0,1,1,0
12656657,1880621312,151000136,0,2,1,0
1213792256,67153938,2451570697,0,0,2,53
369099816,1073881680,672743424,0,1,2,0
2214731905,1098973448,269520916,0,2,2,5
2684364930,1073840449,386924576,0,0,3,44
2290090257,369377288,5317760,0,1,3,16
202055680,538182724,1073795208,0,2,3,0
1345602,67723265,687869992,0,0,4,14
9963009,2164473872,37757090,0,1,4,0
134746305,50407432,1074807060,0,2,4,10
18892818,1141114369,805974016,0,0,0,0
553787664,135004768,1350598788,0,1,0,6
2416021512,206178304,2105398,0,2,0,14
139207680,2686468672,16777395,0,0,1,21
537080320,8965120,153354376,0,1,1,5
603992321,2281701542,268962896,0,2,1,12
174145536,2415954192,16786017,0,0,2,0
1476923424,51576836,537151745,0,1,2,19
1073748052,419495970,5382401,0,2,2,15
1377920,42500164,2113803,0,0,3,36
85213312,4851760,2139656,0,1,3,10
20990980,2148106560,70524944,0,2,3,0
16802864,273813568,1107362178,0,0,4,21
33702410,2147779680,823656464,0,1,4,0
823165056,3288601600,6308640,0,2,4,15
337149953,134619280,555812928,0,0,0,31
42075904,1681920004,2417508480,0,1,0,0
1179880,3779067905,2711554,0,2,0,0
294128128,1614819584,2130996,0,0,1,3
343933700,1108344936,21201920,0,1,1,16
537006161,2415929480,1107410946,0,2,1,0
543240192,1107329073,67390208,0,0,2,12
17236994,135272457,2688565328,0,1,2,0
151142944,3770679297,336691328,0,2,2,20
537465104,277880835,2164261992,0,0,3,20
67765764,1074073634,440412160,0,1,3,0
554041409,136332448,1379930624,0,2,3,0
1075986456,9478240,168297986,0,0,4,27
2183137297,276857356,1078006912,0,1,4,8
543195652,1091829800,2214610240,0,2,4,0
614990080,50348101,2147684896,0,0,0,22
1078204672,3244049,336200224,0,1,0,15
4243724,210764320,2181566656,0,2,0,0
538443832,35718276,2285898304,0,0,1,0
2147680834,100680709,1478754336,0,1,1,6
96470018,2552496144,1075318916,0,2,1,0
478217216,17826465,2717941778,0,0,2,18
69207432,2181050402,1343684608,0,1,2,0
2618294288,1074074626,4202828,0,2,2,31
33581092,3288335496,272797952,0,0,3,0
2164306048,19463,1686110280,0,1,3,42
41943123,556285960,268450944,0,2,3,0
2173764608,168706048,41745,0,0,4,16
604094720,285217860,2147492497,0,1,4,0
2183157760,9478288,1078460453,0,2,4,6
84033541,134286656,44576768,0,0,0,10
2147529730,168100384,1344276616,0,1,0,8
2486173728,622659,537148416,0,2,0,58
578820160,2415961104,16843139,0,0,1,26
134678784,306188417,537404960,0,1,1,0
1091051553,136316942,344998016,0,2,1,4
82969,1176502912,2818572640,0,0,2,3
475216,2319482884,1947209728,0,1,2,0
310513668,2214854864,1207995393,0,2,2,13
69763336,2151748736,18087973,0,0,3,13
1074663488,2147492644,143753217,0,1,3,13
1075855760,407117856,2718072834,0,2,3,2
2149598242,139657728,1107298317,0,0,4,12
272647360,1108543488,69992720,0,1,4,15
1091305475,671255040,67133708,0,2,4,29
3238007300,205570176,268971009,0,0,0,16
40386561,1207960722,538116612,0,1,0,0
570426178,2417361024,1218446368,0,2,0,0
655629,68436512,1918894080,0,0,1,0
134545684,529419,1134575616,0,1,1,0
9996352,1090527880,33755153,0,2,1,14
69469217,34146372,8422288,0,0,2,24
536891492,20120064,3456114688,0,1,2,0
616566786,172640,302252169,0,2,2,4
5410944,2953068545,1210057764,0,0,3,0
754974980,1075855920,4199497,0,1,3,6
3271598080,2621800,4263056,0,2,3,39
1076233218,2684387589,21037712,0,0,4,9
201728064,21018,3179680,0,1,4,32
2717984768,20972555,345636864,0,2,4,9
2164266001,1933314,1677722180,0,0,0,18
2164793608,281083921,168037378,0,1,0,19
604078224,2183144512,411060226,0,2,0,0
3355705378,541078592,287408256,0,0,1,37
37145,578289664,8659140,0,1,1,0
17875202,2415994896,1677983756,0,2,1,0
539107424,167838729,5292052,0,0,2,37
2818670720,4731408,286408706,0,1,2,20
13763104,533825,270538896,0,2,2,15
3238535424,673204232,302350337,0,0,3,40
336094208,1644232772,13635728,0,1,3,29
402656321,539267076,25755784,0,2,3,32
2148794952,176228608,1142948881,0,0,4,30
201543680,1344276224,2181079169,0,1,4,0
1224769572,307822592,2147750168,0,2,4,14
268722248,201853954,1074856608,0,0,0,42
813697033,135791234,23077152,0,1,0,17
51642408,1614807301,10569216,0,2,0,13
42467342,1076183104,336629776,0,0,1,0
1207959852,604247042,288884736,0,1,1,12
2202013728,142803012,539494424,0,2,1,25
538017810,2189447176,271196416,0,0,2,34
2449735872,1077018672,4222982,0,1,2,38
2168602628,1342185746,578814536,0,2,2,9
37765162,10748289,67829840,0,0,3,0
377750016,18899970,2151682092,0,1,3,15
1446408,3363832080,268976195,0,2,3,0
1345325120,50405664,2152071808,0,0,4,34
2156675584,570491970,291504164,0,1,4,2
70516776,33632336,943734785,0,2,4,0
41960720,605683714,1208229953,0,0,0,0
1077969185,353376256,2181628932,0,1,0,0
73465904,8914438,2685409408,0,2,0,0
1103169536,536895526,36208776,0,0,1,18
24117288,67453186,3531604992,0,1,1,0
2100386,692584449,1082179652,0,2,1,0
303043585,25264138,1212154436,0,0,2,11
1476526116,2147746122,102794256,0,1,2,8
1074561048,16911936,236994592,0,2,2,58
37749346,270434304,16806916,0,0,3,10
1343243268,4368448,69210243,0,1,3,18
2684913668,486612992,397338,0,2,3,36
2282291472,1686503424,16794246,0,0,4,32
406880296,100731456,2149843217,0,1,4,31
1074831874,67241228,153358337,0,2,4,51
1883258882,76025896,16919041,0,0,0,34
1073826050,2688589832,201458880,0,1,0,0
17323024,545524480,1073848449,0,2,0,11
2181136452,278413320,151258752,0,0,1,5
1073774832,5386242,469762061,0,1,1,5
604504198,268475904,2198994976,0,2,1,7
671131656,1107824708,2432712962,0,0,2,39
4726797,33559152,1149632640,0,1,2,0
13371904,689963296,335712320,0,2,2,0
13636672,1073741855,2217361408,0,0,3,48
1224770052,35139585,616562960,0,1,3,27
525339,302155808,13631936,0,2,3,0
268633345,537921564,12865664,0,0,4,2
21004820,1879310339,1208328,0,1,4,0
67487744,2432700674,1644691585,0,2,4,0
2182087745,1359241216,13139978,0,0,0,22
180879376,538256384,3221260480,0,1,0,0
2319454224,287572064,82693,0,2,0,30
1086357524,2416181664,100681731,0,0,1,8
638582850,3221356848,136860160,0,1,1,39
537102400,1107820696,8406275,0,2,1,18
547487812,804904,33628802,0,0,2,20
1143603202,50400257,806355048,0,1,2,23
2149778448,1275887616,51380808,0,2,2,13
1158291456,671351938,2147551288,0,0,3,20
206114816,270803009,50349696,0,1,3,11
1082327106,2148565129,6824964,0,2,3,0
272632200,3758625280,169902097,0,0,4,0
134255124,10945536,1111498882,0,1,4,14
1212186690,2214594192,807405601,0,2,4,27
136452224,525590,2685730848,0,0,0,0
302006346,536970016,30409729,0,1,0,21
159908416,571540736,71346304,0,2,0,0
1141448736,142607116,268571777,0,0,1,51
2170601472,8793,201851170,0,1,1,32
1166033920,2236609,2449803264,0,2,1,14
3238264838,33563488,336106496,0,0,2,24
2147487041,557973528,268522112,0,1,2,2
268733441,1094713992,101208128,0,2,2,23
67699210,10500112,1744864260,0,0,3,0
1115718160,21233733,872417290,0,1,3,4
134348823,1342195008,13140128,0,2,3,0
1225031744,42997776,604046624,0,0,4,54
2952835072,37766402,1275070624,0,1,4,61
2315264040,8718850,16946177,0,2,4,68
15732744,1074036833,33759238,0,0,0,11
68166018,306252800,1611399204,0,1,0,0
16831504,2147549763,838863232,0,2,0,0
2250375170,1880100865,134807656,0,0,1,35
2236613120,136380802,8525833,0,1,1,33
117448770,2157772800,1208009744,0,2,1,11
1090521636,136316042,2181349632,0,0,2,4
3225420297,50861060,546594816,0,1,2,19
2183201025,5529604,76023874,0,2,2,12
2290647168,16779802,1073890561,0,0,3,5
269500993,4391076,1107853570,0,1,3,24
1048986,21598208,1075841124,0,2,3,0
1509949712,2684377092,1246337,0,0,4,8
702545920,917,67654720,0,1,4,13
142639241,269224964,2684514304,0,2,4,0
1115684906,2685222912,20974209,0,0,0,0
142884993,20973104,536938570,0,1,0,0
2686490624,138428438,67708416,0,2,0,11
1207961712,41943938,808456200,0,0,1,18
403202050,73532448,3238068484,0,1,1,27
268698952,1611665413,35725360,0,2,1,21
8503554,1140864008,2168586816,0,0,2,3
318800002,140642320,2148282400,0,1,2,6
2689204226,167814656,18956321,0,2,2,24
4229284,202653712,1344279554,0,0,3,14
73793568,947917312,1091633536,0,1,3,0
1610695172,2487361536,135266672,0,2,3,8
2283831306,830481408,34144404,0,0,4,33
117441120,275480,2693859328,0,1,4,0
171966610,2165311521,271093764,0,2,4,0
1092620548,575144002,8652297,0,0,0,14
404783424,2214658070,587213824,0,1,0,0
23593218,605290561,99880,0,2,0,0
2294284420,286785808,67447808,0,0,1,50
3231318016,536936547,71304840,0,1,1,54
44173320,4735107,268767520,0,2,1,4
3226468386,537657425,2216064,0,0,2,31
671097922,67652128,12681476,0,1,2,55
269484620,67897632,3372220560,0,2,2,0
1073938530,2424832516,21014544,0,0,3,15
108003840,436256,822084617,0,1,3,0
69239428,2441086992,4731936,0,2,3,10
3355443984,37819396,2916355,0,0,4,23
134235147,336265280,2172654112,0,1,4,0
2689630336,134875904,21588,0,2,4,11
