17301760,35651600,2147491904,0,0,0,0
536871456,33562632,65680,0,1,0,23
8388868,20971522,1073741984,0,2,0,0
16875520,67109128,1073741892,0,0,1,0
1610612864,274432,8519712,0,1,1,21
2097792,100671488,2684354592,0,2,1,0
4194322,1073742852,8396928,0,0,2,4
98432,2149581824,4106,0,1,2,0
4464640,2564,65560,0,2,2,8
67108888,41943552,4325408,0,0,3,10
571473920,4210752,8912898,0,1,3,38
546,5128,8388737,0,2,3,3
4218880,2625536,8388644,0,0,4,0
2164260880,786560,8388613,0,1,4,16
1058,8421504,1209008128,0,2,4,32
4353,26214400,67248128,0,0,0,3
276824128,33619969,16793608,0,1,0,16
65560,2147486208,1572868,0,2,0,0
2147532800,83886336,1075838980,0,0,1,5
2097248,9437440,17301508,0,1,1,0
1610874880,9224,2181038336,0,2,1,9
134218241,37756928,132352,0,0,2,0
1075839488,1092,269090816,0,1,2,4
2281701888,1052800,277086208,0,2,2,4
526337,352321536,65824,0,0,3,13
557064,1064961,1073750032,0,1,3,0
1073742344,4194592,150994948,0,2,3,16
262658,436207616,2148008192,0,0,4,4
557057,25167872,537134080,0,1,4,6
263200,12290,4210816,0,2,4,20
1073774720,4198402,18874376,0,0,0,5
10485776,536903681,524928,0,1,0,0
263296,2153775104,8389124,0,2,0,0
17301508,769,3254779904,0,0,1,0
2432696320,196610,67108884,0,1,1,24
1076363264,8404993,67241984,0,2,1,19
1048896,2260992,570427392,0,0,2,0
2099201,1074003984,557064,0,1,2,0
819200,1060864,39845888,0,2,2,35
268436482,2147532800,37748740,0,0,3,3
209715200,65680,272629762,0,1,3,0
278532,134250624,10248,0,2,3,0
2131968,268451842,2156003328,0,0,4,0
168296448,16777600,606076928,0,1,4,0
2228226,16783360,545259776,0,2,4,0
1140852736,557120,37748752,0,0,0,45
41216,88,2592,0,1,0,0
17826304,786560,1082163200,0,2,0,18
268443712,4456960,201328640,0,0,1,27
268517376,32848,205520896,0,1,1,6
4196356,67634176,1082146816,0,2,1,0
524308,33557504,16387,0,0,2,25
8832,100925440,4129,0,1,2,0
1073752064,16810496,1179650,0,2,2,5
524356,82944,5373952,0,0,3,0
1074004096,21037056,536871944,0,1,3,10
2359312,1073744128,67125256,0,2,3,0
1581056,1073876992,2281703424,0,0,4,25
4456456,301989920,16797696,0,1,4,0
1611137024,71303172,41472,0,2,4,25
570425348,2147485704,4194307,0,0,0,6
268697601,4268032,604504064,0,1,0,0
4718593,1082130464,2162704,0,2,0,0
2097157,1073938432,671350784,0,0,1,0
268599296,1077936144,8390660,0,1,1,0
106496,136314896,37748737,0,2,1,0
262147,98336,4416,0,0,2,14
16777249,10747904,525056,0,1,2,0
589840,262912,1060864,0,2,2,21
33554689,1073758224,2148008000,0,0,3,0
66562,1081348,1207967744,0,1,3,0
83951616,2181038096,2101312,0,2,3,14
278532,155189248,1073750048,0,0,4,0
4195336,2147483653,69206048,0,1,4,0
272662528,1376256,655362,0,2,4,5
2149597184,134283280,1078198272,0,0,0,8
8396808,540674,16777312,0,1,0,0
2155872264,402653185,33571840,0,2,0,6
33849344,268443664,131232,0,0,1,22
302055424,536870936,16809985,0,1,1,11
2147516432,4195072,278560,0,2,1,2
8389248,69206272,2060,0,0,2,0
538443776,8257,2363392,0,1,2,59
1344274432,33636352,67108994,0,2,2,4
1073743876,100663297,65602,0,0,3,20
145,135268352,12648448,0,1,3,0
35655680,135266308,12583424,0,2,3,10
8552448,134742017,262660,0,0,4,0
168034304,524804,1091567616,0,1,4,0
138,33554512,8658944,0,2,4,0
557184,4194848,50335744,0,0,0,17
2105345,1114116,75499520,0,1,0,0
2147483653,335544576,139296,0,2,0,13
529,134225952,20971584,0,0,1,0
2097224,66688,570458112,0,1,1,0
262240,738197504,8391168,0,2,1,0
268730368,4162,16850944,0,0,2,41
525328,138412033,16704,0,1,2,21
16793728,131137,41943044,0,2,2,0
1073790976,134284288,67110920,0,0,3,16
33554564,2098178,272629824,0,1,3,4
570556416,335544384,25166080,0,2,3,13
16842784,10485824,1073750528,0,0,4,0
2156003328,262657,536936480,0,1,4,4
1342177284,8400896,134283392,0,2,4,36
2147484676,33562688,9502720,0,0,0,6
262224,2214592520,536871170,0,1,0,0
2155872768,264448,135176,0,2,0,12
2147614724,16960,1073741954,0,0,1,7
8388648,1077938176,17024,0,1,1,0
2684355584,4192,16777348,0,2,1,28
65542,537919496,134222848,0,0,2,0
4198528,98560,16480,0,1,2,0
33686528,262161,134217764,0,2,2,3
4456704,268566529,8832,0,0,3,0
524816,1281,1610678272,0,1,3,0
34079744,1073741904,8421384,0,2,3,10
369098752,1312768,2098688,0,0,4,38
142606337,41472,276,0,1,4,0
536872992,1048836,41943168,0,2,4,31
268959776,37756928,1073741968,0,0,0,20
268960000,9437188,147472,0,1,0,6
134742018,16781313,2147483840,0,2,0,0
1048610,4194496,2684616704,0,0,1,0
4268032,1057,16514,0,1,1,24
138416128,537919552,8454146,0,2,1,22
8454656,1107298304,3276800,0,0,2,0
2147487748,134234176,537395456,0,1,2,4
409600,16843264,6291712,0,2,2,10
1082130560,532992,83918848,0,0,3,5
2147500033,549453824,134479904,0,1,3,13
2120,49156,73729,0,2,3,11
278784,1209008128,536936512,0,0,4,0
1048579,21004288,33693696,0,1,4,32
268435970,2164261888,136445952,0,2,4,5
138412040,140288,3145729,0,0,0,42
2147484680,167772161,4368,0,1,0,6
537985024,1073743888,16801792,0,2,0,0
2181300224,268574720,67108897,0,0,1,46
2113544,532481,8520192,0,1,1,3
261,4640,536952832,0,2,1,0
67111424,3149824,1073741896,0,0,2,0
3758096384,16777732,142610432,0,1,2,30
268443664,16843008,4196480,0,2,2,17
6145,16777312,33555464,0,0,3,34
39845888,1073745984,537133064,0,1,3,0
2181038081,21495808,536887304,0,2,3,4
24578,671088656,67141696,0,0,4,0
16785412,65808,539099136,0,1,4,3
2097217,68157568,1208025088,0,2,4,11
2097232,201334784,1073938432,0,0,0,0
16777296,36868,67110914,0,1,0,11
2147487808,134217746,1073872897,0,2,0,20
32773,327682,2147500064,0,0,1,0
268502016,134349056,16420,0,1,1,16
1141112832,587202560,590848,0,2,1,20
268443664,8423424,134219264,0,0,2,35
2097155,67633156,268566784,0,1,2,0
33562656,20971584,524300,0,2,2,0
16781314,537919504,2147484168,0,0,3,0
335544384,2622464,26214400,0,1,3,33
1703936,304087040,32801,0,2,3,0
8390688,1048834,469762048,0,0,4,14
98560,134742018,301989920,0,1,4,0
655392,167774208,8396928,0,2,4,53
33554948,3145792,540674,0,0,0,15
16387,541065280,302022656,0,1,0,0
16408,33562688,134217858,0,2,0,0
2147491872,704,1638400,0,0,1,23
268500996,536871056,1073742850,0,1,1,0
1107298304,65570,2244608,0,2,1,23
536875264,70254592,268469248,0,0,2,26
8960,3149824,537003008,0,1,2,0
65608,2214592516,2097665,0,2,2,0
1048596,73730,2151680000,0,0,3,0
49184,1342179328,570425352,0,1,3,0
16513,17858560,2147491848,0,2,3,0
71303169,2147551232,134226176,0,0,4,0
1048612,69206080,2415919616,0,1,4,0
8520192,539000832,201328640,0,2,4,0
2149581824,1073744000,134283266,0,0,0,4
2686976,268698112,536907776,0,1,0,14
67240064,2147483728,805308416,0,2,0,0
268699648,587202560,131330,0,0,1,0
3146752,16842784,41943044,0,1,1,0
6291464,20481,335675392,0,2,1,0
536879108,1073809408,524291,0,0,2,15
1091567616,2097224,33556736,0,1,2,31
536875264,152043520,671744,0,2,2,13
67111424,2097224,1073742880,0,0,3,17
10485824,268567040,67108888,0,1,3,0
4464640,268435744,2098240,0,2,3,0
134217808,262184,2162689,0,0,4,22
136314884,269484288,536873472,0,1,4,0
335560704,537395712,1077936160,0,2,4,0
1090519552,301989890,2148073472,0,0,0,0
545259522,2097792,272629824,0,1,0,4
2147500160,37748800,1034,0,2,0,9
34082816,1207961600,67240960,0,0,1,17
67117058,1073790976,4456512,0,1,1,0
1310752,2155873280,4116,0,2,1,0
2147483792,197120,1209008128,0,0,2,4
917504,34603016,134221952,0,1,2,31
16777240,272629761,1074036736,0,2,2,0
1074806784,4196864,1288,0,0,3,2
134219780,2149580864,8393216,0,1,3,0
134225936,32778,268439553,0,2,3,4
1310721,37748738,25182208,0,0,4,11
131137,268445696,536871426,0,1,4,15
67600,1208090624,2155873280,0,2,4,0
4227073,269484040,1073741830,0,0,0,0
1082130448,67108900,18688,0,1,0,2
262164,8512,2147614722,0,2,0,0
37748744,2147487872,2099202,0,0,1,21
65824,2149597184,268566532,0,1,1,0
560,134218760,603983872,0,2,1,0
4211200,2148532352,536903682,0,0,2,0
553649152,4329472,324,0,1,2,8
133248,1344,1572896,0,2,2,0
1073743880,536936464,88080384,0,0,3,11
33554816,285278208,18464,0,1,3,0
134219792,32904,1074003972,0,2,3,7
536871008,1077936129,279040,0,0,4,13
18087936,40962,2181038081,0,1,4,0
276840448,44,2147486208,0,2,4,0
36175872,67379200,17825920,0,0,0,0
67109380,525440,537919520,0,1,0,0
655616,553910272,2151677953,0,2,0,0
205520896,262178,536880128,0,0,1,39
16779272,68190208,142737408,0,1,1,0
1077936160,268435586,8768,0,2,1,15
285214720,142606337,1049632,0,0,2,20
268468256,784,2164260928,0,1,2,5
536876032,25427968,2147483720,0,2,2,0
268443649,134218754,152,0,0,3,30
1077952512,33556488,84148224,0,1,3,8
1050628,4194337,1207963648,0,2,3,0
281018368,537919490,100794368,0,0,4,0
536870984,1074270208,8389376,0,1,4,34
2550136832,139392,8421380,0,2,4,29
2058,1075871744,67895296,0,0,0,0
671744,67371520,541065248,0,1,0,0
1073742400,671089664,282624,0,2,0,13
532496,536904192,280576,0,0,1,25
16768,4325377,268505088,0,1,1,0
2149582848,603979784,321,0,2,1,11
671105024,25167872,33554948,0,0,2,24
4194344,9437186,134250500,0,1,2,10
69888,276825088,68157442,0,2,2,0
16779328,1179664,2621448,0,0,3,49
2147483906,8405000,2105856,0,1,3,2
16793664,2147484162,268566544,0,2,3,0
2129924,12648448,262408,0,0,4,0
67109384,4356,32912,0,1,4,0
1073745984,49664,67108869,0,2,4,23
4196360,143130624,536911872,0,0,0,0
138444800,67895296,536871940,0,1,0,0
41951232,71303176,518,0,2,0,4
5248,32840,270598144,0,0,1,0
2367488,100663360,20484,0,1,1,0
2148533248,536904192,6208,0,2,1,13
1074266120,81924,5376,0,0,2,28
67117058,327744,131092,0,1,2,0
302055424,21233664,69238784,0,2,2,6
1074003970,34078752,49160,0,0,3,6
1065088,2214592768,1082130434,0,1,3,0
578813952,3145744,2147508224,0,2,3,0
16464,1224736768,33556482,0,0,4,33
272629764,642,1073152,0,1,4,24
536871944,2416050176,33816608,0,2,4,0
67121152,2147647488,33636352,0,0,0,0
33558656,2282225664,16778241,0,1,0,0
524384,74752,134219784,0,2,0,0
1076887552,16810048,545,0,0,1,37
134479880,1073872912,2113664,0,1,1,0
268697728,24584,2147520512,0,2,1,0
2147483808,1318912,67633408,0,0,2,16
4456960,131137,268437520,0,1,2,0
2149613568,402784256,33554752,0,2,2,15
1050112,1073741872,2147614784,0,0,3,42
1073741960,136192,34603009,0,1,3,16
16418,42991616,134545408,0,2,3,0
20481,2144,1074267136,0,0,4,17
81,33620992,2415951872,0,1,4,11
138416128,9344,277086208,0,2,4,11
530,134348801,10485824,0,0,0,0
12584960,2281701888,1073741827,0,1,0,0
263172,25165856,536872976,0,2,0,0
131201,1073774596,20971528,0,0,1,0
268632064,33579008,4194880,0,1,1,17
266,1090521088,2147483792,0,2,1,0
2147747840,33624064,603979904,0,0,2,22
536875072,17424,1075838978,0,1,2,6
641,295168,571473920,0,2,2,0
536872962,163968,266752,0,0,3,9
1074003972,13107200,67113216,0,1,3,12
268570624,3221225984,570425408,0,2,3,0
16777376,603981824,2105856,0,0,4,0
4194400,167772176,532484,0,1,4,39
135299072,2375680,1090523136,0,2,4,14
1075843072,138412096,8210,0,0,0,13
8202,1090551808,536887300,0,1,0,0
2228480,8650784,524308,0,2,0,0
541065217,18890752,2688,0,0,1,2
2147483654,1091567616,4259856,0,1,1,4
6356992,18496,9232,0,2,1,33
2155873280,1109393408,135232,0,0,2,7
6295552,75628544,262432,0,1,2,0
2113544,545259521,268435524,0,2,2,0
20979712,67648,1281,0,0,3,15
8202,16781440,1057,0,1,3,14
8454656,268436496,135790592,0,2,3,0
4360,33554528,16778752,0,0,4,0
197632,268959752,1073758240,0,1,4,0
5767168,33624064,2305,0,2,4,0
2151677960,17040384,1107298304,0,0,0,17
16777256,1073742912,33554564,0,1,0,0
524354,134226432,1114120,0,2,0,14
16908544,8389664,67108873,0,0,1,0
2147486720,537395456,32808,0,1,1,21
16809986,67109184,65672,0,2,1,0
537165824,2181040128,16786432,0,0,2,20
16793664,537004032,10485768,0,1,2,0
268468225,278532,1074790528,0,2,2,13
2147500033,536870952,655376,0,0,3,7
67371010,4227200,50331712,0,1,3,21
656384,42,268439556,0,2,3,0
1048864,1207959554,327688,0,0,4,0
278544,1073774720,276955136,0,1,4,4
74752,67635200,4232,0,2,4,15
12352,536872064,68157448,0,0,0,38
536870917,268435592,37752832,0,1,0,4
66050,2155872320,402915328,0,2,0,0
134742020,570556416,70656,0,0,1,13
8388644,17039488,16642,0,1,1,0
276824065,90112,16810000,0,2,1,5
310378496,71319552,16908320,0,0,2,12
268435776,40968,1073745952,0,1,2,24
540800,2181039104,8388880,0,2,2,7
1073741896,530432,2214592768,0,0,3,0
17072128,73732,1057,0,1,3,0
553650176,270794752,529408,0,2,3,20
2164785152,6356992,9437696,0,0,4,5
69664,3489660928,262162,0,1,4,0
8388704,1048582,524312,0,2,4,45
1077936129,570425346,277872640,0,0,0,6
4472832,3221291008,33025,0,1,0,4
4101,540016640,656,0,2,0,0
150999040,131112,263680,0,0,1,47
458752,8397312,536875024,0,1,1,0
98,2550136832,1376256,0,2,1,0
1074790528,168034304,2148008192,0,0,2,25
268452864,2392064,65553,0,1,2,6
134807552,33686016,2147484736,0,2,2,21
4114,360448,134348928,0,0,3,32
33281,1073742912,268,0,1,3,0
33555458,536879136,134352896,0,2,3,0
34078722,545259552,4204544,0,0,4,4
1342185472,8519712,3145856,0,1,4,39
2151677960,8913920,33554452,0,2,4,12
1074790656,277086208,33589248,0,0,0,23
2100224,524308,1073807361,0,1,0,0
8232,4325632,790528,0,2,0,21
33554696,5505024,1073741890,0,0,1,4
16793604,134218880,2103296,0,1,1,0
117440512,536920064,515,0,2,1,13
720896,2166358016,8391680,0,0,2,19
1610678272,134220032,8388625,0,1,2,23
142606464,603981824,98,0,2,2,0
8388866,537003008,37749248,0,0,3,0
65556,2120,33536,0,1,3,0
16843264,1572896,274,0,2,3,14
11,209715200,69888,0,0,4,34
33554562,1073759232,620756992,0,1,4,0
2151677984,1073742016,2308,0,2,4,6
1049856,33554568,75497504,0,0,0,41
2097312,538443776,8454656,0,1,0,0
2183135232,1050880,84017152,0,2,0,16
1073823744,138412048,262688,0,0,1,12
538969088,532484,2147749888,0,1,1,6
1074006016,82432,4256,0,2,1,16
2147876864,33856,136331264,0,0,2,34
2181054464,262149,4202752,0,1,2,21
67190784,2155880448,4456480,0,2,2,10
67111424,16777474,263169,0,0,3,24
17039392,67117072,8390657,0,1,3,14
34079744,67712,67117312,0,2,3,0
131152,268436484,67108897,0,0,4,11
2147483684,201334784,34824,0,1,4,51
8396816,2282225664,264704,0,2,4,14
1207959584,1041,279040,0,0,0,34
139776,1048642,1107296264,0,1,0,0
33554952,19,135790592,0,2,0,0
34619392,2415984640,2228232,0,0,1,14
272629764,560,16846848,0,1,1,9
142622720,17041408,8216,0,2,1,26
1073774593,19398656,545390592,0,0,2,14
150994948,33570817,71303680,0,1,2,15
536872448,37748752,2147493888,0,2,2,0
167774208,20971522,8912897,0,0,3,32
536940544,301989896,132160,0,1,3,31
536871440,18433,4227200,0,2,3,2
2113,4194576,1082131456,0,0,4,18
4718593,33554624,163848,0,1,4,0
8388673,1073775104,132128,0,2,4,14
268436482,539492352,37765120,0,0,0,12
268468288,16916480,2100224,0,1,0,30
10486272,302252032,1282,0,2,0,0
1077936129,16779328,2147483666,0,0,1,6
2147483936,26624,262664,0,1,1,23
33817088,4210689,196672,0,2,1,19
12582976,16794112,1107296512,0,0,2,0
671096832,1073758212,16777760,0,1,2,0
71311360,2147501056,134219792,0,2,2,0
16778496,135268352,25,0,0,3,14
8390660,1209008128,524864,0,1,3,0
2228256,2147508224,822083584,0,2,3,0
266496,8396928,2147614724,0,0,4,7
164352,268451842,1156,0,1,4,0
13631488,16777296,536875012,0,2,4,0
2105346,8390657,805322752,0,0,0,0
272891904,528385,153092096,0,1,0,12
25165888,1573120,1073807361,0,2,0,0
6272,33685760,16424,0,0,1,10
135184,268500996,553680896,0,1,1,3
71303680,536936704,268963840,0,2,1,20
541065344,2883584,34603012,0,0,2,17
268435592,67126272,135266308,0,1,2,13
77594624,536920064,268440064,0,2,2,0
131096,294914,536875072,0,0,3,0
262177,805310464,1108344832,0,1,3,0
2162689,262660,100794368,0,2,3,0
268500994,2153775104,536877056,0,0,4,16
2415919616,67371024,553664512,0,1,4,27
134266880,532481,8651776,0,2,4,0
67108944,2097155,6148,0,0,0,39
270533120,8391680,138674176,0,1,0,5
1078001664,151126016,33562688,0,2,0,16
65680,9699328,1073750018,0,0,1,0
134218496,2098177,4243456,0,1,1,11
25600,135266320,100663298,0,2,1,0
17301520,2147753984,1281,0,0,2,0
33554468,2162689,16779266,0,1,2,17
2147484416,657408,537133072,0,2,2,7
1057280,138674176,33558530,0,0,3,51
218103808,1153,2097200,0,1,3,0
134221952,2156920832,16408,0,2,3,24
9441280,536871968,524608,0,0,4,13
2147484704,34086912,16842760,0,1,4,29
2148663296,10747904,1073742849,0,2,4,2
1179904,268443656,1073741889,0,0,0,0
8390720,33554466,134217733,0,1,0,19
85983232,34048,1107312640,0,2,0,0
104,261,604045312,0,0,1,0
18890752,268468288,33560576,0,1,1,0
69640,2130944,1073873024,0,2,1,13
151027712,1140850696,33556496,0,0,2,32
16814080,33685536,2621448,0,1,2,0
805307392,8228,1073873152,0,2,2,5
532484,81936,2164523008,0,0,3,14
268509184,4227076,2621442,0,1,3,13
264194,2164260872,1052673,0,2,3,0
139328,33554441,262162,0,0,4,11
3162112,524368,16778241,0,1,4,0
1073741960,536936464,4718848,0,2,4,14
2099232,1048834,2214592513,0,0,0,10
1073807376,5184,131105,0,1,0,12
671088648,278921216,1073807488,0,2,0,0
70,269746176,134226048,0,0,1,0
2147483713,536871938,1074798592,0,1,1,16
2147486720,784,268439553,0,2,1,4
18939904,34078724,135266368,0,0,2,0
8429568,2164261120,538050560,0,1,2,0
2621442,1082130944,4196353,0,2,2,0
8409088,17039364,134283392,0,0,3,10
167772288,2214723584,66304,0,1,3,0
8392712,537395201,1073774848,0,2,3,0
33555968,1073743888,67141664,0,0,4,0
536871042,2293760,8449,0,1,4,13
131152,2155880448,1074266240,0,2,4,0
9728,34603040,67244032,0,0,0,62
2162704,805322752,17826304,0,1,0,0
4228,1342177288,2147516480,0,2,0,0
280,268443652,234881024,0,0,1,0
603983872,134217986,17858560,0,1,1,13
321,12296,134479876,0,2,1,14
272629888,536871680,81924,0,0,2,0
2147485700,770,2098184,0,1,2,9
270536704,8396801,1074331648,0,2,2,0
1073742976,327682,67108929,0,0,3,30
49160,201326624,1572866,0,1,3,0
262664,131138,2621568,0,2,3,0
1077937152,33554466,70144,0,0,4,2
553680896,8650754,12352,0,1,4,12
2147485704,1073741827,524308,0,2,4,6
35651592,134236160,537395201,0,0,0,3
2684356608,67125312,44040192,0,1,0,33
262164,1092616192,71303170,0,2,0,0
150995456,164,536871176,0,0,1,14
4456480,537067520,3221225476,0,1,1,0
1196032,1073745922,2621504,0,2,1,0
2147491872,541065217,294916,0,0,2,14
536871184,276856832,4460544,0,1,2,6
16928,134144,4194369,0,2,2,0
2148533248,134217888,603979792,0,0,3,53
67109121,134234240,9469952,0,1,3,0
2214593024,140288,1077936160,0,2,3,15
2214593536,541097984,16908352,0,0,4,34
1074003970,268435524,1048848,0,1,4,6
16793602,8388680,33587328,0,2,4,0
51200,536871680,2155872288,0,0,0,0
4194496,132112,68681728,0,1,0,0
268697728,16777312,67108869,0,2,0,40
36868,536895488,67109128,0,0,1,0
71303176,33570818,545259648,0,1,1,3
50332672,1077936136,539033600,0,2,1,0
538968096,1212153856,133,0,0,2,2
388,142607360,1610629120,0,1,2,0
671090688,8212,17825856,0,2,2,31
2147485712,16793856,1073754112,0,0,3,12
34082816,8452,18874400,0,1,3,0
2098208,1091043328,100794368,0,2,3,0
16779776,75563008,1342181376,0,0,4,0
2147500544,528386,2359328,0,1,4,2
268567552,34603520,67371264,0,2,4,19
1036,268443712,50331680,0,0,0,0
26,4260864,268288,0,1,0,0
2097186,41943168,536873216,0,2,0,0
268441600,4227074,8388688,0,0,1,31
150994946,536871937,11010048,0,1,1,14
33554465,16781328,1116160,0,2,1,18
34603520,1073758240,67,0,0,2,0
71680,1049601,4718594,0,1,2,0
198656,402661376,2164260868,0,2,2,0
2181038096,8929280,136314881,0,0,3,16
392,71305216,8397824,0,1,3,0
1082130434,17472,2068,0,2,3,6
2148008064,538968080,37749760,0,0,4,6
16424,16809986,134348804,0,1,4,27
270565376,1049120,8388620,0,2,4,2
134227968,8667136,16777282,0,0,0,44
4194562,134283296,16777240,0,1,0,0
268443650,262280,167772164,0,2,0,27
42074112,18874400,65553,0,0,1,17
3073,536887552,1056772,0,1,1,0
67240448,1073745928,16389,0,2,1,6
537264128,301993984,577,0,0,2,36
65572,134234114,8391680,0,1,2,24
539492352,1051136,131075,0,2,2,6
145,2228288,16875520,0,0,3,7
657408,83894272,1074790464,0,1,3,0
8388617,33556736,25088,0,2,3,0
149504,1107296320,1114368,0,0,4,0
16777234,136316928,33587204,0,1,4,8
2097158,33088,16909312,0,2,4,3
1033,146800640,163968,0,0,0,20
163841,536870960,22020096,0,1,0,0
328704,671105024,16779520,0,2,0,0
2228240,578813952,786560,0,0,1,0
67127296,536936960,4325384,0,1,1,0
18874369,134234176,655368,0,2,1,6
268437520,4268032,136315008,0,0,2,13
2099208,1073872912,1030,0,1,2,0
2688,2155872288,268697616,0,2,2,0
17432576,67174402,1342177536,0,0,3,0
4196353,2147483716,266496,0,1,3,0
262416,131264,18875392,0,2,3,0
805339136,1048656,4198402,0,0,4,19
277086208,553680896,4194337,0,1,4,0
1073742856,16777252,81922,0,2,4,5
1050880,67244032,9224,0,0,0,17
33554472,536870917,8393728,0,1,0,16
268439553,134225952,16396,0,2,0,13
18496,2181038208,2106368,0,0,1,0
2147500040,1049120,268444672,0,1,1,4
4734976,536936449,2281963520,0,2,1,0
538968080,268468226,16781316,0,0,2,16
388,270534656,537133058,0,1,2,0
8486912,1058816,536870936,0,2,2,7
268441600,134742024,1077944320,0,0,3,13
131588,1073759232,537395201,0,1,3,0
266496,805314560,1074790416,0,2,3,0
1644167168,8406016,69206018,0,0,4,7
67125250,135680,1073750020,0,1,4,0
4616,278784,269492224,0,2,4,0
2148663296,201392128,262,0,0,0,37
603979792,16909312,45056,0,1,0,46
562036736,133122,134234113,0,2,0,8
134221826,1342242816,2181046272,0,0,1,0
2155872320,4456480,135170,0,1,1,40
5242896,536871488,1075838977,0,2,1,0
66592,277086208,1090650112,0,0,2,0
67174416,2149580832,272629824,0,1,2,10
786433,2147487760,16777250,0,2,2,14
402655232,67108912,532488,0,0,3,65
2148009984,1375731712,139392,0,1,3,15
134,4199424,16818176,0,2,3,0
65696,2684355584,100663297,0,0,4,0
1082130434,16644,68157568,0,1,4,13
545259521,2147500064,33619984,0,2,4,0
2415923200,393280,134266880,0,0,0,43
134873088,536870978,82176,0,1,0,0
1049104,285212673,134217734,0,2,0,4
1075871744,4198528,536936480,0,0,1,14
71303184,2361344,150994976,0,1,1,13
2147485952,8389121,17301508,0,2,1,12
9472,1614807040,268435490,0,0,2,0
2228226,150994945,1108344832,0,1,2,0
2181070848,268443650,4263936,0,2,2,23
268435465,524832,134218000,0,0,3,13
2146304,5243136,8260,0,1,3,0
262304,16778242,1048596,0,2,3,3
16404,411041792,16779776,0,0,4,18
12648448,657408,84148224,0,1,4,0
270663680,2147500544,1081352,0,2,4,0
134250504,1216,12544,0,0,0,24
8832,536872000,335544336,0,1,0,0
143360,33587712,1077938176,0,2,0,7
4472832,603979778,2147520512,0,0,1,0
822083584,2147622912,1074266176,0,1,1,16
671088656,559104,6553600,0,2,1,21
98305,2147484168,67371024,0,0,2,10
2214594560,1124073472,70144,0,1,2,4
1056776,570429440,2147500160,0,2,2,0
1073774720,268436224,8912912,0,0,3,6
536871041,67117312,2147483720,0,1,3,5
4261888,134217857,84017152,0,2,3,7
264256,2148012032,402653188,0,0,4,0
537919492,67108888,655361,0,1,4,18
270464,50,33556544,0,2,4,0
2298478592,268436484,34619392,0,0,0,36
2147524608,268959808,4354,0,1,0,13
537397248,4194817,8388688,0,2,0,31
6656,1073758216,2231369728,0,0,1,0
1179656,8397312,16777376,0,1,1,0
2684354564,1064968,655362,0,2,1,28
33566720,34817,6815744,0,0,2,0
134479876,23068672,196864,0,1,2,4
136314944,4202500,554696704,0,2,2,14
1074036736,1058816,16842753,0,0,3,6
148,8388641,218103808,0,1,3,13
134480128,135170,2218786816,0,2,3,0
16777240,136323072,67110016,0,0,4,21
4260352,150995008,536871938,0,1,4,0
140288,16781320,134234114,0,2,4,0
1073741890,2416443392,671350784,0,0,0,0
33685508,10485762,1073745936,0,1,0,0
536872962,33040,16777792,0,2,0,9
327681,25165832,570425408,0,0,1,0
548864,2424832,1160,0,1,1,14
71303169,33849344,66112,0,2,1,10
49184,1073743888,268960768,0,0,2,7
33587264,1073760256,1312,0,1,2,0
537010176,8425472,67387392,0,2,2,19
2147614721,1073742338,268697664,0,0,3,4
3153920,134283266,3221225473,0,1,3,0
524300,8389121,2147524608,0,2,3,0
3076,13107200,2129922,0,0,4,17
536871937,2082,8396816,0,1,4,6
1074331648,67110920,268436736,0,2,4,12
70656,570427392,268698112,0,0,0,14
1044,17301512,276832256,0,1,0,0
2147616768,524,269516800,0,2,0,4
201328640,385,2420113408,0,0,1,0
268439553,541065728,16810048,0,1,1,0
598016,35684352,262224,0,2,1,0
285245440,67108944,8454148,0,0,2,17
134480128,67109890,540016640,0,1,2,0
2097224,268533760,659456,0,2,2,0
2097232,8388642,540928,0,0,3,0
67372032,73984,1207959568,0,1,3,0
33312,3221225480,33701888,0,2,3,0
8216,1082130944,35127296,0,0,4,29
2147614784,17440,1610612864,0,1,4,17
1076101120,1048581,138414080,0,2,4,2
1090535424,8400896,33554480,0,0,0,37
4227200,1052674,8396864,0,1,0,0
1141374976,134221888,648,0,2,0,36
1073743876,134479904,81928,0,0,1,21
131,536870952,21233664,0,1,1,0
167772161,67125250,134144,0,2,1,15
67108870,1090519168,134225928,0,0,2,0
24832,404750336,67109408,0,1,2,0
134218304,4456480,268437505,0,2,2,0
33557504,2097282,134287360,0,0,3,4
20482,1310976,33554465,0,1,3,10
268566529,4196356,136323072,0,2,3,13
21004288,301990144,2147487752,0,0,4,0
1073742850,77824,33281,0,1,4,12
1034,2152202240,49664,0,2,4,13
537067520,1082132480,546,0,0,0,6
2147483654,553648144,33556736,0,1,0,4
33816640,2576,536870918,0,2,0,15
268574720,35717120,2312,0,0,1,8
294920,37748864,536870948,0,1,1,0
2148597760,16514,4144,0,2,1,37
268959745,8404996,5308416,0,0,2,12
18448,37879808,603979840,0,1,2,0
276856832,8480,1107296384,0,2,2,2
2147516672,1094713344,262168,0,0,3,11
134221856,1073152,17039424,0,1,3,0
33620480,2684354562,8650753,0,2,3,0
272384,132112,3221225600,0,0,4,14
65548,101711872,2097409,0,1,4,17
138428416,2155873280,262784,0,2,4,0
38797312,65632,8389636,0,0,0,39
33564672,268697856,2148533248,0,1,0,14
136839168,2415984640,8264,0,2,0,0
16777476,1056800,42205184,0,0,1,0
1074266624,268439556,10368,0,1,1,6
4194322,68157448,9043968,0,2,1,10
3073,5242888,671088672,0,0,2,0
33025,142608384,2147565568,0,1,2,0
16781376,2415919360,37748740,0,2,2,0
1140850816,5767168,2098192,0,0,3,40
262164,4268032,164096,0,1,3,4
289406976,2214854656,1073774624,0,2,3,0
42008576,262156,4384,0,0,4,0
8398848,34603009,67109056,0,1,4,0
134223872,176,2164293632,0,2,4,0
2116,8480,142606352,0,0,0,25
4161,1141112832,41951232,0,1,0,0
536872064,17039392,10486272,0,2,0,22
268445696,134218754,1073758464,0,0,1,14
2114,285278208,4718720,0,1,1,0
134218016,8913024,1073905664,0,2,1,0
65541,134234176,84410368,0,0,2,0
33686528,2148008000,536871072,0,1,2,0
1049092,296,65539,0,2,2,14
1073808384,68157472,2629632,0,0,3,36
1081348,541065224,1207961600,0,1,3,0
537133568,79691776,301989890,0,2,3,22
18875392,1073809408,268566532,0,0,4,0
4206592,16641,546,0,1,4,0
41088,1082130436,1552,0,2,4,0
2098240,138412064,262784,0,0,0,24
268436000,393220,67109952,0,1,0,15
81936,167903232,1077936256,0,2,0,0
268435744,9437696,151257088,0,0,1,5
536877056,67256320,33555072,0,1,1,6
393217,17412,19398656,0,2,1,0
35651600,1069056,2816,0,0,2,0
1073745924,8421888,2151678976,0,1,2,13
82432,8388632,17301536,0,2,2,16
136315392,16779268,1048960,0,0,3,0
134219777,8781824,2101504,0,1,3,7
4259841,2121728,33056,0,2,3,0
70254592,155189248,524801,0,0,4,21
140288,65602,268468480,0,1,4,3
294976,25166336,67117064,0,2,4,22
603979784,3221233664,65808,0,0,0,0
1073745924,8651008,538968128,0,1,0,2
41943048,136323072,268435972,0,2,0,0
301989892,537165824,2298478592,0,0,1,5
1610612744,2214723584,273154048,0,1,1,12
1310721,18874496,8389152,0,2,1,0
147488,276,131,0,0,2,17
268443650,2129921,17305600,0,1,2,5
1744830464,65560,12416,0,2,2,43
20971584,204800,134219008,0,0,3,0
16810496,1342439424,4211712,0,1,3,0
16812032,1073742864,134234624,0,2,3,0
269484064,16777346,8398848,0,0,4,41
1077936640,524368,33554437,0,1,4,6
2099328,2214593024,16777536,0,2,4,4
33554452,134242304,33088,0,0,0,0
2147516480,134218753,9175040,0,1,0,20
17410,270565376,1073745936,0,2,0,0
4202504,131078,2101249,0,0,1,27
8421384,6553600,3221225536,0,1,1,0
268435970,1179680,1036,0,2,1,5
33620480,1048612,671088648,0,0,2,0
33587216,4333568,18433,0,1,2,4
2105346,137,17301760,0,2,2,11
17825793,537395208,2147516480,0,0,3,21
805306880,1077944320,68157442,0,1,3,23
1114144,2147500040,1074003972,0,2,3,28
571473920,2131968,17301536,0,0,4,44
2114,67108888,164864,0,1,4,27
2147516417,2208,4456960,0,2,4,2
67108873,270352,2149613568,0,0,0,14
20972032,145,788480,0,1,0,0
9437185,3221229568,74240,0,2,0,0
1142947840,70656,4194309,0,0,1,25
74,2181040128,8392736,0,1,1,0
83951616,2097164,134234368,0,2,1,10
2686451712,276856832,33554435,0,0,2,6
270794752,1058816,16777345,0,1,2,21
1073741857,34607104,8413184,0,2,2,23
524672,2164260866,8652800,0,0,3,17
4120,16452,8519681,0,1,3,14
114688,268436482,262161,0,2,3,0
134219008,16809988,67109384,0,0,4,24
25182208,2147516432,1048896,0,1,4,0
528512,2147483666,1049096,0,2,4,0
2147502080,1179712,525440,0,0,0,23
1140854784,4259856,1288,0,1,0,32
608174080,269484544,542720,0,2,0,14
66049,272630784,131144,0,0,1,0
2180,16842760,67117568,0,1,1,0
101711872,262161,4194440,0,2,1,36
176,19922944,2147549186,0,0,2,0
276856832,590848,286720,0,1,2,16
67141640,65728,1082261504,0,2,2,0
134221952,17563648,1342193664,0,0,3,14
537395456,67109000,16777284,0,1,3,39
268502016,135266312,1073741968,0,2,3,6
2097728,1073775616,67379200,0,0,4,0
2147491848,67373056,25296896,0,1,4,40
369098752,66592,131089,0,2,4,12
536870924,524368,4325632,0,0,0,12
549453824,4192,517,0,1,0,33
135266306,4456576,2113568,0,2,0,22
134742018,4198408,16910336,0,0,1,37
67109904,272631808,2181038081,0,1,1,0
269484048,33920,16897,0,2,1,20
21004288,1050112,1612709888,0,0,2,3
2130432,402784256,1090519296,0,1,2,0
9472,33558592,2147484192,0,2,2,0
1049632,537018368,8400896,0,0,3,0
537395232,1073746944,67117312,0,1,3,0
67133440,134250497,1084227584,0,2,3,0
67108898,167772224,2147491848,0,0,4,0
536875016,33554704,138412036,0,1,4,24
1049089,50176,196612,0,2,4,11
155189248,268959748,1441792,0,0,0,0
67371264,1073743360,18874496,0,1,0,0
263232,8390784,557568,0,2,0,0
268566784,28,134220288,0,0,1,19
655361,16814080,8389634,0,1,1,0
51200,537001985,266244,0,2,1,0
16810000,270008320,65793,0,0,2,0
17152,2088,83886144,0,1,2,14
69206017,1107427328,16826368,0,2,2,17
40968,151126016,537395232,0,0,3,0
139776,1073743104,285212673,0,1,3,0
2051,268501024,1073741904,0,2,3,0
1610743808,16449,2164523008,0,0,4,5
2113537,1073750272,98432,0,1,4,0
67141760,2684420096,264448,0,2,4,0
268435521,150995968,16928,0,0,0,40
33555712,4198402,134742017,0,1,0,0
1073807361,269485056,4341760,0,2,0,5
1073807616,33587712,2164391936,0,0,1,0
264200,268501248,1073742976,0,1,1,4
671088896,8651264,6291472,0,2,1,17
526368,1107296384,16794112,0,0,2,4
131078,67634176,2162720,0,1,2,0
33554561,8388866,49184,0,2,2,0
527360,1476395008,6324224,0,0,3,15
402915328,1074266120,8454272,0,1,3,0
2148564992,8650768,268435648,0,2,3,2
537927680,272629761,16464,0,0,4,6
939524096,69888,1074790408,0,1,4,13
18087936,1077936640,2147487760,0,2,4,0
16516,526337,83890176,0,0,0,3
71303296,1048864,536880128,0,1,0,0
524300,25182208,33588224,0,2,0,10
2214592576,196624,167772192,0,0,1,31
1027,2228288,549453824,0,1,1,0
16781316,406847488,1311232,0,2,1,0
2684355072,1073743888,2097281,0,0,2,10
1140981760,268436496,16777984,0,1,2,27
66564,2147483744,35072,0,2,2,0
67125376,1107361792,8257,0,0,3,14
2281701888,1082138624,525440,0,1,3,14
268961792,1090519044,9437696,0,2,3,2
1090551808,8520192,134283328,0,0,4,13
2148532352,536904192,262184,0,1,4,7
9469952,3221225473,16908296,0,2,4,0
2147484162,1574912,140288,0,0,0,29
131232,536920064,2147483912,0,1,0,0
2164260896,134218256,264320,0,2,0,20
34078976,8389122,3758096384,0,0,1,0
4210689,2149580928,33554450,0,1,1,0
50332672,8708,8912960,0,2,1,17
2359808,1342185472,570425352,0,0,2,0
336068608,4196384,50335744,0,1,2,53
2392064,135266305,4329472,0,2,2,7
2149580928,2624,77824,0,0,3,12
276824192,134223872,536936480,0,1,3,6
2189426688,149504,20971552,0,2,3,12
8464,137,1538,0,0,4,15
2147485712,81924,32904,0,1,4,13
132608,138414080,8201,0,2,4,0
155189248,536870984,3221487616,0,0,0,0
2260992,16781313,4202500,0,1,0,0
67600,6291584,3229614080,0,2,0,0
20488,67117568,138413056,0,0,1,0
4610,68608,573440,0,1,1,0
5308416,2147483668,40992,0,2,1,10
100663424,4276224,537395202,0,0,2,0
65793,2415923200,3145856,0,1,2,0
8650816,2281701380,67633664,0,2,2,0
537985024,304087040,1029,0,0,3,22
1209008128,536871552,163842,0,1,3,2
2098208,88080384,88,0,2,3,7
537927680,2097536,268435461,0,0,4,2
65560,525344,2097668,0,1,4,6
587202560,268437760,2097232,0,2,4,12
100663304,16777281,2151677956,0,0,0,13
10304,83886084,2147500048,0,1,0,0
1082195968,67240064,570425348,0,2,0,2
16777226,67109248,163841,0,0,1,3
400,1107304448,135266816,0,1,1,0
167772176,67109122,2359300,0,2,1,19
262280,131090,537460736,0,0,2,0
134480384,268435720,537395204,0,1,2,0
1048833,134348804,8388738,0,2,2,14
3221225600,268452352,8945664,0,0,3,16
33558544,139328,16842753,0,1,3,0
1074266128,4194344,17826304,0,2,3,2
12544,268435970,71304192,0,0,4,14
4325408,151011328,294913,0,1,4,13
1073938432,16787456,2282749952,0,2,4,0
167772224,8720,1077936132,0,0,0,26
33620992,262209,268444160,0,1,0,0
2115584,2151743488,38,0,2,0,0
21,536871200,3222274048,0,0,1,0
5124,2129984,262304,0,1,1,0
2281832448,4194624,8389648,0,2,1,34
5373952,16420,2058,0,0,2,31
1157627904,528392,134348816,0,1,2,15
270848,285245440,8390664,0,2,2,0
270532616,138412096,132097,0,0,3,5
34635776,1073742082,88,0,1,3,0
16777732,35717120,67117088,0,2,3,0
67113088,536870948,4751360,0,0,4,0
8240,1077940224,8913024,0,1,4,31
83902464,806354944,1077936640,0,2,4,0
2415919112,163904,2099204,0,0,0,11
339738624,8390672,16842756,0,1,0,23
67502080,4105,34078752,0,2,0,14
134234120,1342177282,1114113,0,0,1,3
82,1090519044,264224,0,1,1,15
16810016,1312768,134234120,0,2,1,0
2097164,67110913,528416,0,0,2,0
2228288,272631808,8470528,0,1,2,0
268501000,20482,18874624,0,2,2,18
16826368,1342177408,2105360,0,0,3,0
1342177536,101187584,134217864,0,1,3,42
562036736,2359552,17412,0,2,3,5
43008,2281705472,1073741841,0,0,4,0
528388,1090519168,2214600704,0,1,4,0
2148008960,16393,285213184,0,2,4,5
67117312,2148008000,32928,0,0,0,0
2623488,385,3222274048,0,1,0,0
7,33557504,402718720,0,2,0,0
1050632,262210,205520896,0,0,1,0
4229120,35717120,17039376,0,1,1,0
16793604,1073742976,33564672,0,2,1,0
2117632,393218,268435976,0,0,2,0
33556484,20971522,163968,0,1,2,0
8388704,34603010,268438528,0,2,2,0
1073741953,269484288,655872,0,0,3,16
2101280,612368384,16390,0,1,3,0
671612928,33288,81984,0,2,3,26
1050656,18939904,269221888,0,0,4,29
8390912,131089,34304,0,1,4,0
69760,2072,37749248,0,2,4,0
73732,1107329024,2097217,0,0,0,0
268436512,83886144,16394,0,1,0,18
67588,8388992,134479874,0,2,0,0
704,546308096,301989896,0,0,1,0
2088,262402,1141374976,0,1,1,0
42467328,537137152,1073873024,0,2,1,31
2101312,265,285213696,0,0,2,13
268567552,134218272,33566720,0,1,2,40
553664512,201326848,1342181376,0,2,2,4
201326594,385,35328,0,0,3,0
537002048,32802,1074020352,0,1,3,0
540674,3145856,335872,0,2,3,0
1048720,2147484704,270532612,0,0,4,0
4116,134220032,16777376,0,1,4,21
537927680,2147618816,33554752,0,2,4,14
1090519296,2416181248,2128,0,0,0,0
8650753,352321536,134218304,0,1,0,0
1074006016,34603010,805306496,0,2,0,12
528512,549453824,33587204,0,0,1,0
71303184,2415919168,1073840128,0,1,1,0
536870936,2162690,1074790464,0,2,1,0
1075839040,4259848,1057,0,0,2,19
10551296,67109000,24580,0,1,2,3
2147483784,261,16941056,0,2,2,2
2684354576,1074266116,1310848,0,0,3,35
16777249,2359304,1572868,0,1,3,10
24704,2359360,33284,0,2,3,15
67174464,1075838992,8651776,0,0,4,10
536872964,18890752,65554,0,1,4,6
134283280,67109378,3221356544,0,2,4,0
16778248,270532612,2151677984,0,0,0,3
4259844,2281963520,16456,0,1,0,0
570458112,16793664,2097155,0,2,0,20
1077940224,167788544,67371072,0,0,1,20
42074112,335544328,2147516417,0,1,1,6
33032,8384,590336,0,2,1,0
2147483908,1610612738,268570624,0,0,2,6
2147484162,3211264,1111490560,0,1,2,4
67125376,1077936136,1057024,0,2,2,0
16785416,33558532,268713984,0,0,3,3
1065472,536870915,102760448,0,1,3,0
67113984,196609,16793608,0,2,3,32
67109920,1048896,786448,0,0,4,7
8228,142671872,1078067200,0,1,4,13
34603264,2147745808,4195332,0,2,4,0
6291488,526338,67305472,0,0,0,10
67239968,28,9445376,0,1,0,34
2298478592,540800,8197,0,2,0,37
1114114,138416128,16793728,0,0,1,0
4192,1107296384,393224,0,1,1,13
304,1073750144,2113544,0,2,1,0
69648,16777249,1581056,0,0,2,0
71304192,73760,539492352,0,1,2,0
16781328,2684354624,565248,0,2,2,0
1073811456,536871680,1096,0,0,3,13
36868,16785416,65539,0,1,3,0
270532609,1090519044,1081472,0,2,3,0
134221840,17432576,73792,0,0,4,7
5242881,134284288,33562656,0,1,4,14
268697728,83886082,134250560,0,2,4,16
8421377,16424,402784256,0,0,0,0
262784,1091043328,43008,0,1,0,0
536576,134479880,1107296260,0,2,0,0
4489216,1074790656,73730,0,0,1,0
4235264,50462720,262156,0,1,1,0
269615104,71368704,3200,0,2,1,6
1048581,536887298,393280,0,0,2,0
67141664,553910272,8322,0,1,2,13
8388632,1073881088,73400320,0,2,2,0
1078067200,134291456,276824065,0,0,3,18
515,4194344,50331712,0,1,3,6
268705792,1034,32928,0,2,3,26
537006080,276824068,3145856,0,0,4,2
1140883456,268566530,17040384,0,1,4,5
1318912,67108994,4326400,0,2,4,14
2097728,4194322,150996992,0,0,0,14
81984,18874369,67108876,0,1,0,14
8389888,311296,2164260928,0,2,0,0
648,268468228,19,0,0,1,0
4210690,269025280,1057,0,1,1,0
545259536,2164260896,268435776,0,2,1,0
12582913,268460032,67240064,0,0,2,0
167776256,17826816,534528,0,1,2,0
536889344,270533632,12583168,0,2,2,11
6152,1078001664,1281,0,0,3,13
469762048,1073762304,1049096,0,1,3,0
98368,24580,131106,0,2,3,11
8389633,17833984,2684356608,0,0,4,0
3145856,2306,294928,0,1,4,0
148480,34820,33562656,0,2,4,0
4196416,131616,2147483777,0,0,0,25
2228225,67182592,537395202,0,1,0,0
268435586,2229248,2281734144,0,2,0,0
8683520,4202500,1073744896,0,0,1,3
75497504,270400,4106,0,1,1,35
537919504,6292480,8520192,0,2,1,2
33685512,4194384,268443776,0,0,2,4
1310976,67634176,33603584,0,1,2,35
65666,2576,537919552,0,2,2,0
536887297,268439568,68157448,0,0,3,14
8392736,1073742088,641,0,1,3,13
2155872257,134217808,33555464,0,2,3,9
83888128,12591104,2097536,0,0,4,13
536870948,22528,16850944,0,1,4,40
16778368,266241,2130432,0,2,4,0
268435496,67112964,2684355072,0,0,0,0
134230016,33794,66064,0,1,0,14
12290,10518528,138936320,0,2,0,0
571473920,4325377,1074266120,0,0,1,31
327688,268438528,83886592,0,1,1,0
273,525316,50339840,0,2,1,0
16810048,1107296260,65920,0,0,2,11
1208025088,18874384,1056776,0,1,2,20
33856,393217,2147483920,0,2,2,3
2097200,2568,67379200,0,0,3,0
2148532228,16393,770,0,1,3,2
135169,1074003972,293601280,0,2,3,0
536870977,134217746,5244928,0,0,4,43
515,537002240,1080033280,0,1,4,0
1074790401,268436608,100663300,0,2,4,12
16777282,805306369,33579008,0,0,0,11
266248,1140981760,536920064,0,1,0,7
16777408,2359297,8389648,0,2,0,18
268697608,528388,536936704,0,0,1,3
2147483912,52,1050688,0,1,1,13
1183744,8388680,2113537,0,2,1,0
4114,262408,205520896,0,0,2,27
655424,142606352,67110914,0,1,2,53
16778368,671088672,9437192,0,2,2,0
4195332,2248146944,296960,0,0,3,0
16777488,1048586,33554561,0,1,3,7
10752,33040,109051904,0,2,3,33
536936464,2149584896,19456,0,0,4,17
1090523136,2592,196,0,1,4,22
608174080,393218,2208,0,2,4,12
201327616,1067008,1073750018,0,0,0,0
17039361,1082130496,67108900,0,1,0,0
33554452,134218760,2097344,0,2,0,0
33571840,537010176,784,0,0,1,0
16973824,536875072,33588224,0,1,1,0
67712,201326600,1212416,0,2,1,0
2490368,67109504,1073774608,0,0,2,4
8409088,268697728,134219777,0,1,2,10
4196353,65808,1073741956,0,2,2,4
4358144,1050112,1073741833,0,0,3,0
68158464,526848,4456450,0,1,3,21
524291,536871940,131152,0,2,3,0
8421888,134226048,33554450,0,0,4,0
532482,2214592544,133632,0,1,4,0
577,16843776,38912,0,2,4,18
69640,539099136,2147483920,0,0,0,0
67108960,2281709568,536876032,0,1,0,0
49156,1049602,8388896,0,2,0,0
83886112,403701760,4202504,0,0,1,21
557088,16781440,65602,0,1,1,0
536944640,1075843072,16452,0,2,1,10
545325056,68157504,4734976,0,0,2,23
2208,33563648,134352896,0,1,2,0
135528448,16781316,67141888,0,2,2,49
2147484680,838860800,8257,0,0,3,15
1073873408,33554564,134742048,0,1,3,23
10485824,35840,131336,0,2,3,0
1074794496,671154176,67241984,0,0,4,53
262528,335544336,16812032,0,1,4,0
33554438,16778272,10241,0,2,4,25
2164261376,8390657,5373952,0,0,0,8
4195392,33554562,135200,0,1,0,0
142610432,1048612,16779266,0,2,0,0
1210056704,25165856,2214658048,0,0,1,31
100663424,1074528256,18434,0,1,1,20
208,274432,537003008,0,2,1,0
33555460,67109378,541065280,0,0,2,0
536936576,32792,67108900,0,1,2,29
134230016,1073742337,1081376,0,2,2,0
2151686144,2099264,67633168,0,0,3,42
2214592516,2228352,671089664,0,1,3,4
34340864,1076887552,8585216,0,2,3,4
51380224,2147491844,196609,0,0,4,0
1057,268501248,8389124,0,1,4,13
134266880,2415920128,71303184,0,2,4,0
268501000,135528448,25174016,0,0,0,23
209715200,5505024,16513,0,1,0,11
16777249,277872640,524356,0,2,0,0
4203520,33554442,537923584,0,0,1,21
201326596,8712,18448,0,1,1,36
35840,3238002688,2097186,0,2,1,0
8324,4228096,276840448,0,0,2,0
12582976,570425348,552,0,1,2,11
33554696,150995008,545275904,0,2,2,0
537141248,32928,525314,0,0,3,26
20972032,1073741956,2147549248,0,1,3,0
268568576,1572896,2281701380,0,2,3,25
1073741827,83890176,268435524,0,0,4,7
2072,142614528,1179712,0,1,4,7
263172,33312,33556496,0,2,4,0
2160066560,1073743880,285245440,0,0,0,6
2149581056,25165840,33751040,0,1,0,9
538972160,2155872288,1042,0,2,0,12
18874372,9224,4227584,0,0,1,17
1342308352,769,2185232384,0,1,1,6
134217776,262401,66562,0,2,1,32
8405056,1074003969,1183744,0,0,2,0
537395264,17039364,33570944,0,1,2,23
537395216,134217800,67110916,0,2,2,40
68190208,147458,2155872512,0,0,3,10
147458,33554692,1208025088,0,1,3,0
149504,402718720,9437188,0,2,3,0
5243008,131138,98320,0,0,4,14
2151743488,1073742976,67633154,0,1,4,4
3584,75513856,35913728,0,2,4,0
268435474,532512,536870977,0,0,0,14
196610,4194440,201326608,0,1,0,0
536870977,285213184,1207959560,0,2,0,13
8390784,67142144,65604,0,0,1,4
2113538,1050688,1090523136,0,1,1,0
16779268,530,416,0,2,1,7
67371072,50462720,8392705,0,0,2,45
8388738,557072,2149597184,0,1,2,0
1207959556,17039424,135424,0,2,2,15
161,20971524,20482,0,0,3,10
269486080,1107312640,262164,0,1,3,23
536940544,9043968,262274,0,2,3,15
1074792448,538968192,2181038084,0,0,4,0
69696,4325632,3178496,0,1,4,21
131078,17858560,790528,0,2,4,17
12800,2147581952,2084,0,0,0,0
1208221696,32802,4204544,0,1,0,42
8523776,268443776,2717908992,0,2,0,0
1073774848,16777736,720896,0,0,1,5
546,65672,50593792,0,1,1,0
33685760,12800,4211712,0,2,1,14
293601280,393232,2147489792,0,0,2,0
16781376,67117072,268437506,0,1,2,0
1073741904,276824096,33555072,0,2,2,12
12615680,150995456,1572872,0,0,3,0
1048896,138428416,536871042,0,1,3,0
537952256,2097344,16781320,0,2,3,16
134251008,3221226496,1576960,0,0,4,0
2113552,1057024,198656,0,1,4,19
1140867072,8654848,34820,0,2,4,16
71303170,274432,679477248,0,0,0,4
553648192,1048579,526592,0,1,0,41
2054,65793,262280,0,2,0,4
1049152,131075,142606368,0,0,1,21
1073807368,33408,528448,0,1,1,12
134230016,603980032,2097224,0,2,1,0
67109890,557842432,295168,0,0,2,0
536879360,66568,2281701888,0,1,2,5
134,134481920,6356992,0,2,2,0
1073872904,33570820,134283280,0,0,3,20
604241920,33574912,268436544,0,1,3,13
2418016256,536871072,17305600,0,2,3,12
17039362,33032,2097188,0,0,4,0
67616,33718272,16394,0,1,4,13
75497480,5275648,33817088,0,2,4,32
3221291008,8832,403701760,0,0,0,17
67387392,2164260880,1073741834,0,1,0,0
276824066,528400,360448,0,2,0,22
2147483784,67174402,34848,0,0,1,12
150995008,2147746816,4325408,0,1,1,24
134217808,1184,67108869,0,2,1,49
82,25165828,114688,0,0,2,0
67108870,565248,393224,0,1,2,0
25088,134217824,131090,0,2,2,0
369098752,262164,8328,0,0,3,5
1073742464,67648,285212704,0,1,3,23
134218248,268435716,149504,0,2,3,0
8454148,2432,540673,0,0,4,0
262274,2148007968,71307264,0,1,4,0
33408,22528,1030,0,2,4,0
1057,8576,2066,0,0,0,10
524298,33296,271581184,0,1,0,0
8651776,141312,104,0,2,0,0
1107296288,2147488256,4194316,0,0,1,27
98336,33832960,75497488,0,1,1,0
65608,8421380,2152202240,0,2,1,0
537133184,2147485728,1082131456,0,0,2,14
33718272,18874372,327808,0,1,2,3
561152,1077936640,132104,0,2,2,13
8388625,4194944,2359300,0,0,3,0
2621444,603979778,132104,0,1,3,0
33574912,671090688,3153920,0,2,3,0
16842784,2147485824,671088642,0,0,4,0
33556484,146800640,17301536,0,1,4,10
2147483682,16797696,268435713,0,2,4,22
12713984,268698112,16779520,0,0,0,0
67111936,268435468,2181038144,0,1,0,0
1573376,25165888,134283392,0,2,0,22
541073408,2147484800,279040,0,0,1,16
65576,1073742400,270337,0,1,1,0
1115684864,134283268,2432,0,2,1,10
2147516480,603979808,1073889280,0,0,2,14
522,17301520,133152,0,1,2,0
4130,1343488,16777225,0,2,2,0
4106,2216689664,1073807392,0,0,3,0
264208,3221225474,42008576,0,1,3,4
16672,67149824,537002496,0,2,3,0
541065280,131456,1048596,0,0,4,31
5376,168,5275648,0,1,4,10
269484544,134252544,532481,0,2,4,27
67712,33808,150994952,0,0,0,28
270532624,671744,536940544,0,1,0,2
268437520,532512,2097155,0,2,0,12
2564,33026,532488,0,0,1,0
1073743873,1179680,2214592576,0,1,1,0
268500994,2359300,137,0,2,1,2
1082130560,134230016,16452,0,0,2,12
539099136,67108888,138428416,0,1,2,12
65616,3147776,4194464,0,2,2,4
9445376,546,4227073,0,0,3,32
4720640,50462720,8456,0,1,3,0
276824065,65556,7168,0,2,3,5
5242944,134218241,2156134400,0,0,4,15
66688,2147483912,142614528,0,1,4,0
289406976,10272,134218760,0,2,4,15
268436512,1140981760,8388625,0,0,0,18
44,1109393408,2147500034,0,1,0,0
2098208,2415919112,16916480,0,2,0,0
98306,393728,536870917,0,0,1,0
2232320,612368384,270337,0,1,1,0
151027712,385,270352,0,2,1,29
2115584,402653312,532481,0,0,2,0
557120,537920000,67109890,0,1,2,0
268567040,261,1140850696,0,2,2,16
67119104,838860800,1082130464,0,0,3,14
1074008064,2147483651,33570880,0,1,3,18
2103296,134235136,33562752,0,2,3,10
1073744128,34603520,69664,0,0,4,16
603996160,2097176,106496,0,1,4,15
1140854784,4719104,8450,0,2,4,2
537133184,33556736,16898,0,0,0,10
1049092,82,33558560,0,1,0,0
134250528,269484034,536873024,0,2,0,0
138543104,2623488,33816704,0,0,1,19
135790592,16910336,4232,0,1,1,39
541589504,33622016,134217764,0,2,1,13
2147493888,1130496,537133057,0,0,2,4
131106,2147551232,150995200,0,1,2,0
1568,138412036,67108930,0,2,2,0
4198528,2098208,34078976,0,0,3,33
75499520,34078848,2416967680,0,1,3,0
163968,285212680,2160066560,0,2,3,0
8212,2156134400,81922,0,0,4,19
786944,134222848,536952832,0,1,4,0
2098192,1073750080,134234116,0,2,4,0
2147516448,1179649,268501504,0,0,0,17
25166080,134414336,4256,0,1,0,0
1196032,138414080,8720,0,2,0,0
138412034,525568,33587201,0,0,1,28
100663297,20971584,2230272,0,1,1,20
268439808,1078984704,8389664,0,2,1,0
268468226,2189426688,4210692,0,0,2,6
16801792,1074790528,268435476,0,1,2,0
33554945,267264,268959776,0,2,2,0
100794368,150994948,4751360,0,0,3,7
12591104,2359360,18440,0,1,3,25
671096832,557058,8389376,0,2,3,34
1073751040,8912960,2113792,0,0,4,37
268533760,266752,2147483713,0,1,4,0
131600,6146,75497473,0,2,4,11
101187584,402653188,1073758240,0,0,0,0
5242882,2129921,100679680,0,1,0,11
35651600,3221225504,8396928,0,2,0,0
16924672,2150629376,67108881,0,0,1,0
270548992,159383552,524832,0,1,1,12
2098688,524480,2415923200,0,2,1,0
197120,32808,19136512,0,0,2,19
524420,268451856,67379200,0,1,2,0
2181039104,2113544,526592,0,2,2,5
1207959808,33558536,75497488,0,0,3,44
32816,8651264,285213696,0,1,3,0
4225,104,2148073472,0,2,3,23
2415923200,8519696,536911872,0,0,4,10
4736,2621696,197632,0,1,4,10
1073758272,268436736,37376,0,2,4,25
32912,2367488,134236160,0,0,0,4
2149646336,67108900,134742272,0,1,0,2
2165309440,8768,537133058,0,2,0,28
805306372,2214594560,16810016,0,0,1,12
14680064,150994976,655362,0,1,1,10
268443904,67371520,16842760,0,2,1,5
1140852736,2155872257,17301506,0,0,2,13
570425408,16810496,134365184,0,1,2,2
4195584,8437760,1310724,0,2,2,0
2155905024,1610743808,16785412,0,0,3,15
81928,67633156,8388626,0,1,3,0
6356992,8406016,17301512,0,2,3,0
536871296,33554976,4198401,0,0,4,12
536879120,8520192,68157448,0,1,4,30
328,98432,16777252,0,2,4,24
268436992,135170,536879105,0,0,0,0
655376,2147492864,521,0,1,0,0
8736,1084227584,33820672,0,2,0,0
4456704,1610743808,16778242,0,0,1,7
2147483778,67375104,268437512,0,1,1,14
805308416,68165632,548,0,2,1,35
148,98368,8232,0,0,2,0
1052704,794624,2155905024,0,1,2,0
1089536,4210704,262657,0,2,2,19
1073744896,2281709568,603983872,0,0,3,25
33556484,565248,603979840,0,1,3,0
1056800,81936,135170,0,2,3,49
1358954496,135282688,133136,0,0,4,22
1090519296,2105345,134250500,0,1,4,2
2147493888,1627389952,75513856,0,2,4,5
41024,1073759232,524418,0,0,0,14
54525952,67239952,2155905024,0,1,0,0
41216,2097696,9437200,0,2,0,0
17047552,4718624,100352,0,0,1,28
1075839104,2415919106,42205184,0,1,1,2
42,537002112,1073744128,0,2,1,0
2147549200,22528,67108930,0,0,2,16
1073741860,33554945,2147762176,0,1,2,0
1073774656,4472832,270598144,0,2,2,4
541065248,33554497,1073774608,0,0,3,0
67125249,4204544,1610616832,0,1,3,0
150994960,8405504,272629792,0,2,3,0
4105,201392128,264704,0,0,4,42
1081360,537002112,3221225536,0,1,4,0
269484160,537001986,2130944,0,2,4,0
8520192,536887312,1075843072,0,0,0,0
263424,272629768,67108867,0,1,0,0
1073775104,201326596,2359298,0,2,0,12
1342177288,1179652,524353,0,0,1,28
8393728,16464,270464,0,1,1,11
540673,530,33554500,0,2,1,0
1572865,33570832,4168,0,0,2,38
134480896,16576,270565376,0,1,2,0
10485792,8336,537003008,0,2,2,0
16781328,2684356608,1074790528,0,0,3,0
142606337,537003008,34668544,0,1,3,0
67712,21495808,2147483713,0,2,3,15
4228096,65601,3153920,0,0,4,0
1581056,37748738,268439584,0,1,4,0
2228232,16777249,33555008,0,2,4,0
68157442,537141248,196736,0,0,0,15
1073741953,18907136,132160,0,1,0,13
37749760,536870924,1074003984,0,2,0,0
34880,8389888,16420,0,0,1,7
136316928,536871456,9472,0,1,1,13
2102272,1610612864,278532,0,2,1,0
134250752,4194436,536875024,0,0,2,4
2147485704,5246976,540928,0,1,2,13
25088,4194562,2147483665,0,2,2,0
2149646336,1074790656,67239940,0,0,3,2
537921536,259,17334272,0,1,3,30
536903682,4259844,268959872,0,2,3,2
2147614752,37814272,8257,0,0,4,16
17416,2148532288,32898,0,1,4,0
17825824,53248,2116,0,2,4,0
1350565888,67239952,2147488256,0,0,0,15
272630784,134352896,1073743873,0,1,0,0
541130752,33816577,1073873408,0,2,0,0
16795648,8272,99328,0,0,1,14
134221856,8421632,1073874944,0,1,1,14
536871488,83886088,8388642,0,2,1,19
272629792,2147614848,603980800,0,0,2,0
1074790912,134219792,528416,0,1,2,48
3221258240,1835008,2101760,0,2,2,28
335577088,134217858,548864,0,0,3,13
268568576,3221225984,259,0,1,3,0
1179649,8352,268472320,0,2,3,0
1114116,2298478592,536879360,0,0,4,0
3200,2359328,68222976,0,1,4,0
1049632,393728,33570832,0,2,4,28
18874432,1077968896,2192,0,0,0,3
3229614080,2105352,67109136,0,1,0,22
1049601,2164293632,67586,0,2,0,0
1073746432,262408,16432,0,0,1,33
2181040128,36866,134480000,0,1,1,21
134743040,5505024,2147516418,0,2,1,0
2147487752,277872640,33620480,0,0,2,6
1075052544,102760448,138412036,0,1,2,42
1048648,1115684864,34048,0,2,2,0
1538,8388737,1346371584,0,0,3,0
65542,545263616,141312,0,1,3,0
1342193664,100664320,134217824,0,2,3,53
9439232,34304,16777360,0,0,4,4
2228228,17043456,1073742082,0,1,4,0
8396801,269090816,532,0,2,4,0
167772176,5242884,285343744,0,0,0,14
268468288,1074790416,20979712,0,1,0,15
2181038208,270532612,16843008,0,2,0,2
65808,402655232,570425376,0,0,1,0
16793632,268959745,1207959616,0,1,1,0
4718593,266256,16780288,0,2,1,0
1441792,6656,16387,0,0,2,32
133632,100663298,20971584,0,1,2,35
69206024,16777282,1085440,0,2,2,0
637534208,1057792,1077952512,0,0,3,0
35667968,71303184,271360,0,1,3,0
2148533248,2105600,32778,0,2,3,5
2629632,402685952,280576,0,0,4,10
41024,262164,134218754,0,1,4,11
69,1073873024,33636352,0,2,4,14
16928,1073774596,262416,0,0,0,14
16786432,136316928,131105,0,1,0,15
2152202240,671154176,132098,0,2,0,5
8392832,1049601,268959746,0,0,1,21
17664,335577088,2105352,0,1,1,0
1157627904,6152,24832,0,2,1,43
65601,397312,134218272,0,0,2,0
805306369,16781344,6292480,0,1,2,17
163842,545259776,525344,0,2,2,0
4521984,536887304,16777984,0,0,3,0
269484034,32792,2155872288,0,1,3,0
65632,100679680,139268,0,2,3,11
1077936160,131585,282624,0,0,4,29
67125280,2147615744,268697608,0,1,4,0
262177,536,33636352,0,2,4,14
16777480,33620480,1049632,0,0,0,0
134226432,16390,67110928,0,1,0,0
540673,131152,8421408,0,2,0,0
802816,411041792,2147484800,0,0,1,0
10502144,17833984,135680,0,1,1,11
33587208,2147500064,67113088,0,2,1,0
268468288,2099216,262432,0,0,2,35
570425345,788480,134217808,0,1,2,10
603979777,16404,1107296384,0,2,2,0
44,99328,2097218,0,0,3,0
41943048,67502080,2097728,0,1,3,0
2181040128,524298,1097728,0,2,3,34
67239952,1073807872,46137344,0,0,4,7
12582914,132112,8456,0,1,4,0
33555584,1619001344,32774,0,2,4,0
2147502080,151257088,67633408,0,0,0,30
133122,268435592,565248,0,1,0,0
738197504,1073750080,162,0,2,0,13
16777600,2148007944,4202560,0,0,1,0
5376,536870924,1081472,0,1,1,0
134610944,272630016,8389636,0,2,1,0
524,16777234,142606592,0,0,2,0
1075838984,136192,16818176,0,1,2,16
4341760,8650753,67108930,0,2,2,3
8388674,524672,4132,0,0,3,0
8388632,2113540,1212416,0,1,3,0
276824128,536903808,786436,0,2,3,0
1049601,38,2147549696,0,0,4,0
12416,67633216,2568,0,1,4,0
34079744,67108930,285220864,0,2,4,0
