16385,65540,524320,0,0,0,0
1073741825,12582912,2101248,0,1,0,12
67117056,528,69632,0,2,0,21
2097154,134283264,12,0,0,1,0
4194432,268435464,1052672,0,1,1,0
2113536,4194308,268435520,0,2,1,0
33587200,536936448,25165824,0,0,2,0
40,514,16842752,0,1,2,0
524296,2064,4194816,0,2,2,14
5242880,2147483776,134217732,0,0,3,0
2147483649,536903680,134217736,0,1,3,13
67633152,536879104,2052,0,2,3,0
8200,2359296,98304,0,0,4,18
24576,268435460,67108866,0,1,4,0
67110912,40960,65664,0,2,4,0
25165824,4194306,32896,0,0,0,3
4194305,2147745792,16896,0,1,0,0
134217760,139264,16400,0,2,0,0
262146,36,524544,0,0,1,0
4194306,135266304,10240,0,1,1,0
8912896,81920,34,0,2,1,20
33554434,268437504,272,0,0,2,0
4195328,144,16448,0,1,2,0
2147516416,2097160,100663296,0,2,2,19
278528,2148007936,516,0,0,3,0
262145,1073742336,553648128,0,1,3,0
1073741828,537919488,131584,0,2,3,16
67108868,69632,2359296,0,0,4,24
5242880,262160,33619968,0,1,4,15
67108992,557056,3145728,0,2,4,10
260,5242880,8193,0,0,0,0
32772,33619968,1048577,0,1,0,0
4194816,16388,2148007936,0,2,0,0
8519680,1207959552,524289,0,0,1,0
132096,1073758208,160,0,1,1,3
268435584,134217792,2147483680,0,2,1,0
2147483680,16778240,34603008,0,0,2,33
268435488,1048704,18874368,0,1,2,13
12582912,268500992,33555456,0,2,2,0
16385,33280,2147483776,0,0,3,0
24576,201326592,4194305,0,1,3,32
1342177280,278528,1048832,0,2,3,19
1048577,1056,67108866,0,0,4,0
262656,268435458,2147549184,0,1,4,0
65538,16640,4194368,0,2,4,0
603979776,41943040,2151677952,0,0,0,10
270532608,16385,524416,0,1,0,12
540672,2105344,4194320,0,2,0,0
262148,16400,2097408,0,0,1,0
528384,4194560,513,0,1,1,10
528384,516,269484032,0,2,1,0
9216,134218240,278528,0,0,2,0
147456,541065216,268468224,0,1,2,0
2147483664,1082130432,2050,0,2,2,6
402653184,2097156,2181038080,0,0,3,15
768,1081344,16777218,0,1,3,14
538968064,1114112,2147483904,0,2,3,0
2097153,8388864,262656,0,0,4,0
9437184,2080,49152,0,1,4,0
67108868,16777232,65792,0,2,4,3
142606336,8224,268435968,0,0,0,0
134742016,1088,32769,0,1,0,0
33816576,2049,536871040,0,2,0,0
3072,537395200,4104,0,0,1,0
33792,266240,2056,0,1,1,0
1074003968,6291456,6,0,2,1,2
536870976,268451840,2097664,0,0,2,2
268436480,20971520,134217730,0,1,2,19
268500992,8388640,16777224,0,2,2,18
557056,541065216,8193,0,0,3,0
268451840,2147483650,35651584,0,1,3,0
9216,16386,16777224,0,2,3,20
83886080,2097154,4194816,0,0,4,10
2064,5,8388640,0,1,4,0
540672,1025,67108880,0,2,4,0
294912,201326592,16778240,0,0,0,31
83886080,268437504,9,0,1,0,0
33792,8454144,2097408,0,2,0,0
8388616,2147484160,33554434,0,0,1,0
6144,2097168,134283264,0,1,1,0
67117056,16777280,2684354560,0,2,1,0
65,16777728,167772160,0,0,2,29
2101248,1073741832,536870944,0,1,2,0
1077936128,69206016,268435472,0,2,2,4
536871040,65,67110912,0,0,3,27
33554434,288,163840,0,1,3,0
5120,67108866,8388640,0,2,3,33
16777280,4128,536903680,0,0,4,0
36,2147516416,2101248,0,1,4,10
525312,8389120,2147483904,0,2,4,3
36864,16777344,2099200,0,0,0,17
33587200,536870913,8194,0,1,0,0
2129920,1073741840,4098,0,2,0,0
16777728,524352,2105344,0,0,1,13
4227072,134217760,69206016,0,1,1,0
537395200,1073741832,17039360,0,2,1,0
4097,83886080,1082130432,0,0,2,0
69206016,327680,134219776,0,1,2,0
32770,67125248,2097160,0,2,2,0
4202496,4112,1082130432,0,0,3,0
69632,1280,167772160,0,1,3,14
1073742336,135168,272,0,2,3,9
268435460,33556480,536870928,0,0,4,0
131104,570425344,144,0,1,4,0
264192,384,2147614720,0,2,4,7
16416,2151677952,8519680,0,0,0,0
8388672,16908288,35651584,0,1,0,0
16512,1073774592,268959744,0,2,0,0
100663296,3221225472,557056,0,0,1,0
1536,2097184,541065216,0,1,1,0
139264,2097184,268697600,0,2,1,0
67584,4202496,2097168,0,0,2,0
537133056,2097184,16896,0,1,2,16
9,4128,1048832,0,2,2,0
285212672,9,147456,0,0,3,11
384,83886080,3221225472,0,1,3,0
67112960,2359296,1073758208,0,2,3,0
48,524289,1179648,0,0,4,38
2097216,268439552,8193,0,1,4,0
524292,81920,5120,0,2,4,23
50331648,2056,8388640,0,0,0,24
66560,131080,2147483650,0,1,0,0
1077936128,570425344,8389632,0,2,0,7
69632,525312,134217856,0,0,1,13
4718592,2080,8193,0,1,1,35
67108865,65552,557056,0,2,1,20
10,4195328,2164260864,0,0,2,0
134225920,2148532224,8388672,0,1,2,0
8200,1090519040,17,0,2,2,0
8396800,2097664,100663296,0,0,3,15
65568,2147483649,2097280,0,1,3,0
69632,262145,6,0,2,3,14
16908288,1049600,32776,0,0,4,0
2147614720,2112,268435457,0,1,4,13
6,8390656,33554448,0,2,4,4
1073743872,272,142606336,0,0,0,21
33558528,4194432,524544,0,1,0,24
33685504,132,67117056,0,2,0,0
1073745920,33587200,1028,0,0,1,19
5,262146,33556480,0,1,1,0
524289,12582912,1073742336,0,2,1,0
268437504,16386,33555456,0,0,2,13
270336,50331648,1050624,0,1,2,11
640,6291456,67371008,0,2,2,0
1073742848,537395200,262272,0,0,3,21
67108866,1082130432,536870920,0,1,3,0
163840,71303168,268435457,0,2,3,0
570425344,16809984,4100,0,0,4,19
8404992,131200,513,0,1,4,0
134250496,67108992,33562624,0,2,4,25
33685504,536870916,16842752,0,0,0,0
257,4098,1056768,0,1,0,0
655360,262145,1536,0,2,0,0
1073807360,2049,16785408,0,0,1,20
513,2097168,545259520,0,1,1,0
2147483656,1048577,67125248,0,2,1,13
16778240,73728,4198400,0,0,2,0
67633152,65544,134217732,0,1,2,10
4456448,268959744,8320,0,2,2,0
335544320,8194,1025,0,0,3,26
34603008,2359296,2684354560,0,1,3,0
65664,524290,1073750016,0,2,3,0
8389632,2147500032,1073774592,0,0,4,0
67108868,24576,33554464,0,1,4,4
196608,24,1052672,0,2,4,0
75497472,17,32776,0,0,0,17
2147483712,33558528,524292,0,1,0,37
4352,1064960,4194816,0,2,0,10
8388624,65664,150994944,0,0,1,0
1056768,16781312,32784,0,1,1,21
17,536871424,67108928,0,2,1,0
805306368,67110912,1048577,0,0,2,29
8388624,1077936128,136314880,0,1,2,0
16386,2147484672,1073750016,0,2,2,0
2147516416,6,8389120,0,0,3,2
2105344,134742016,393216,0,1,3,24
1077936128,134219776,258,0,2,3,6
66048,4352,541065216,0,0,4,0
66048,268435584,262148,0,1,4,0
1342177280,8388612,2080,0,2,4,18
134348800,1090519040,268435460,0,0,0,0
557056,67371008,131584,0,1,0,14
16779264,8388736,16416,0,2,0,0
16777232,17408,3145728,0,0,1,21
557056,9216,65540,0,1,1,0
1048584,134217744,536870914,0,2,1,0
545259520,257,132096,0,0,2,8
33554434,2052,8396800,0,1,2,0
786432,8388612,8208,0,2,2,29
96,536870928,268451840,0,0,3,0
134217730,16778240,131200,0,1,3,0
2155872256,1073807360,294912,0,2,3,6
524292,1050624,2147487744,0,0,4,0
262152,2147491840,4194368,0,1,4,0
3221225472,8388672,18874368,0,2,4,18
8388672,33816576,8196,0,0,0,15
132,4194368,48,0,1,0,0
1026,4194560,2129920,0,2,0,0
1048640,603979776,139264,0,0,1,0
553648128,69632,41943040,0,1,1,19
2049,135168,4202496,0,2,1,0
285212672,2052,134218752,0,0,2,5
66,65792,16777728,0,1,2,0
136314880,268435488,67110912,0,2,2,0
65792,524304,268435457,0,0,3,0
2113536,33792,2147483904,0,1,3,0
2415919104,272,134742016,0,2,3,29
17408,1572864,32770,0,0,4,0
268439552,2147516416,2105344,0,1,4,0
2049,1088,4194308,0,2,4,0
65792,8320,528384,0,0,0,0
33554440,2147745792,134217744,0,1,0,0
67108992,320,50331648,0,2,0,24
264192,4194312,2147516416,0,0,1,0
65,2147614720,16640,0,1,1,0
1073741840,2147483652,268436480,0,2,1,0
8519680,2113536,2147483652,0,0,2,0
4128,8650752,17408,0,1,2,0
33562624,2214592512,16512,0,2,2,0
33562624,65544,2147614720,0,0,3,7
8650752,33280,10240,0,1,3,0
4097,33555456,532480,0,2,3,0
134348800,8193,1050624,0,0,4,0
2147484672,67117056,262152,0,1,4,15
134217736,83886080,268468224,0,2,4,0
33,8200,4194560,0,0,0,24
537133056,36,134217729,0,1,0,27
33558528,8390656,1064960,0,2,0,0
16400,269484032,66,0,0,1,0
33554448,260,2148007936,0,1,1,14
8193,2304,18,0,2,1,0
1107296256,294912,131104,0,0,2,5
2151677952,536871168,134479872,0,1,2,8
8196,12582912,5120,0,2,2,24
100663296,133120,268435520,0,0,3,0
134217744,2101248,32772,0,1,3,11
16392,16777217,33554560,0,2,3,0
134217732,536875008,2097216,0,0,4,0
8404992,1207959552,537919488,0,1,4,0
1081344,4100,67108866,0,2,4,0
16777280,131074,134225920,0,0,0,22
8388616,32896,134221824,0,1,0,0
268436480,4128,33562624,0,2,0,16
264,1073741856,67117056,0,0,1,0
1052672,4194306,268959744,0,1,1,0
5,33554440,786432,0,2,1,0
4202496,67108928,1073741832,0,0,2,0
4194368,2113536,1073872896,0,1,2,0
1310720,18432,384,0,2,2,19
536870914,10485760,262160,0,0,3,6
134217760,536870913,4104,0,1,3,13
536871424,65600,67371008,0,2,3,27
268435460,2147516416,2097280,0,0,4,2
16777224,66048,36864,0,1,4,16
8390656,268468224,2147483656,0,2,4,0
541065216,67117056,131076,0,0,0,13
16777224,1073741856,1049600,0,1,0,0
134218752,131136,268443648,0,2,0,0
570425344,1049088,8388864,0,0,1,17
4097,134742016,33685504,0,1,1,0
36,4194305,67109888,0,2,1,0
268435712,67108865,3072,0,0,2,5
524352,4112,805306368,0,1,2,0
1075838976,33558528,2080,0,2,2,16
24576,4194560,75497472,0,0,3,21
2149580800,36,65792,0,1,3,12
1074266112,8224,2112,0,2,3,23
65664,16777728,2097184,0,0,4,0
8421376,576,40,0,1,4,0
16385,1572864,384,0,2,4,10
69632,262272,4195328,0,0,0,13
538968064,17408,2147483680,0,1,0,12
536872960,24,8454144,0,2,0,13
65540,139264,130,0,0,1,11
2214592512,288,10485760,0,1,1,22
2147516416,33554560,8193,0,2,1,13
8388612,1152,537395200,0,0,2,0
524352,134217984,16512,0,1,2,21
557056,16777220,268435968,0,2,2,10
8388624,2113536,536870976,0,0,3,0
268435520,48,2113536,0,1,3,27
263168,545259520,1049088,0,2,3,0
16908288,68,1056,0,0,4,0
327680,2147483652,4194306,0,1,4,0
2097154,294912,65664,0,2,4,4
3221225472,1056,524296,0,0,0,30
1073741840,2621440,73728,0,1,0,27
4194368,2176,1026,0,2,0,0
131104,10485760,67110912,0,0,1,0
1073741888,144,537133056,0,1,1,6
671088640,1342177280,33554496,0,2,1,0
2129920,536887296,2147483649,0,0,2,0
83886080,1074266112,33554440,0,1,2,0
524290,83886080,72,0,2,2,16
131584,67584,16400,0,0,3,3
268437504,266240,98304,0,1,3,20
33685504,2147484672,8392704,0,2,3,0
8193,262146,2097156,0,0,4,0
33554464,16779264,24576,0,1,4,32
640,2148007936,131328,0,2,4,0
16777232,1025,268437504,0,0,0,0
16777472,4608,1207959552,0,1,0,0
16809984,1048578,1056,0,2,0,0
131136,33554433,75497472,0,0,1,0
18432,2147484160,50331648,0,1,1,0
2052,2147483664,537395200,0,2,1,0
2050,270336,17825792,0,0,2,0
8388624,8704,1107296256,0,1,2,0
134218752,1610612736,32770,0,2,2,0
264,20971520,540672,0,0,3,16
134217736,8392704,16778240,0,1,3,14
272,655360,12,0,2,3,20
67108928,524416,33556480,0,0,4,39
2097216,2147516416,1073872896,0,1,4,0
270532608,2147483656,33587200,0,2,4,0
1048608,2149580800,135168,0,0,0,0
4098,1048640,33024,0,1,0,0
2148007936,65600,16385,0,2,0,23
4210688,1048578,2147483649,0,0,1,0
67141632,528,536870916,0,1,1,10
1040,2097408,4194312,0,2,1,0
264192,268959744,2147483680,0,0,2,0
5242880,67108896,49152,0,1,2,21
268435458,134250496,37748736,0,2,2,13
67109376,8388610,260,0,0,3,10
4227072,2064,2147483649,0,1,3,0
35651584,540672,2155872256,0,2,3,4
1050624,2097156,16416,0,0,4,0
133120,2147483664,16809984,0,1,4,0
81920,576,3072,0,2,4,0
2097280,67117056,2304,0,0,0,0
2415919104,67109376,536870976,0,1,0,27
8388612,1049088,3,0,2,0,11
589824,32769,16777728,0,0,1,0
69632,1074266112,167772160,0,1,1,0
288,537133056,3,0,2,1,0
24576,135266304,144,0,0,2,15
33554464,67239936,8388672,0,1,2,0
5120,524800,65664,0,2,2,10
528,8390656,258,0,0,3,0
16777344,134217732,33556480,0,1,3,0
134479872,1088,17301504,0,2,3,0
18,536870944,32772,0,0,4,0
2162688,8193,134217984,0,1,4,0
538968064,524320,16781312,0,2,4,22
4194816,16640,2148007936,0,0,0,0
36,2097664,34816,0,1,0,0
65538,68,2151677952,0,2,0,0
20971520,33554464,2098176,0,0,1,16
192,1074003968,65538,0,1,1,0
260,33554496,68157440,0,2,1,0
33554448,576,262146,0,0,2,0
262160,1073741952,142606336,0,1,2,0
268436480,6144,16777217,0,2,2,9
142606336,67174400,1073741840,0,0,3,0
536871424,33554433,2147483664,0,1,3,6
4259840,268437504,50331648,0,2,3,0
536870928,16777220,33554464,0,0,4,23
4194308,268697600,201326592,0,1,4,0
1077936128,2147483664,33554496,0,2,4,0
16777218,33280,16512,0,0,0,3
268437504,65792,16777218,0,1,0,9
10,538968064,67125248,0,2,0,0
8704,32896,2281701376,0,0,1,0
4194305,134217744,268435968,0,1,1,0
2148532224,135168,320,0,2,1,37
268435520,2148532224,8196,0,0,2,0
33024,524800,2147483652,0,1,2,0
4227072,1048592,2147483904,0,2,2,0
2147500032,8388864,4097,0,0,3,12
2049,83886080,16640,0,1,3,14
5,1342177280,12288,0,2,3,0
16809984,2147483680,524289,0,0,4,0
1073745920,32776,640,0,1,4,5
4259840,8196,67108872,0,2,4,0
1073807360,2097156,134218752,0,0,0,16
16842752,69206016,1056,0,1,0,0
268468224,3,262152,0,2,0,5
8448,16512,268566528,0,0,1,0
1048704,268468224,266240,0,1,1,15
537919488,272629760,134217736,0,2,1,13
1050624,136314880,67108880,0,0,2,40
67371008,8194,35651584,0,1,2,29
32784,16777220,17408,0,2,2,3
18874368,132096,536872960,0,0,3,0
2099200,6,134221824,0,1,3,15
8388612,67141632,768,0,2,3,0
2097153,278528,536875008,0,0,4,10
528,67112960,3,0,1,4,14
72,540672,134217760,0,2,4,45
2155872256,278528,536870914,0,0,0,8
536872960,393216,33558528,0,1,0,15
196608,3,16388,0,2,0,3
65537,16777218,8396800,0,0,1,0
134217744,524292,1050624,0,1,1,40
16777728,131136,288,0,2,1,27
2097160,2080,67141632,0,0,2,0
524304,8389120,268436480,0,1,2,13
2164260864,524352,3072,0,2,2,16
16512,268435488,270336,0,0,3,0
34,33619968,268435968,0,1,3,0
4194320,786432,4608,0,2,3,0
9,100663296,131104,0,0,4,10
5,2147487744,65600,0,1,4,0
536871040,131104,266240,0,2,4,9
1090519040,134219776,8388616,0,0,0,9
1073872896,33570816,1048580,0,1,0,6
268437504,4718592,4100,0,2,0,2
65792,160,8912896,0,0,1,0
150994944,2097664,264,0,1,1,17
32832,16777217,805306368,0,2,1,0
24576,805306368,1049600,0,0,2,0
2129920,262208,4259840,0,1,2,0
16777344,8388640,4608,0,2,2,0
268437504,71303168,1056768,0,0,3,38
268437504,134217730,131080,0,1,3,23
8396800,2097408,67125248,0,2,3,11
134283264,33280,17301504,0,0,4,14
258,268436480,8388672,0,1,4,0
1073741952,524292,4608,0,2,4,2
514,2147483664,192,0,0,0,0
134217744,72,67108868,0,1,0,0
537919488,8194,263168,0,2,0,31
1536,537919488,67109120,0,0,1,0
16809984,134234112,1073750016,0,1,1,0
32769,536875008,2097160,0,2,1,0
73728,2097184,68,0,0,2,32
2064,262152,8193,0,1,2,7
2149580800,134217792,37748736,0,2,2,13
131076,129,1088,0,0,3,0
805306368,37748736,1048592,0,1,3,23
67174400,1048580,536871040,0,2,3,0
2147745792,268435464,4160,0,0,4,15
20971520,147456,4098,0,1,4,0
10240,2214592512,33554448,0,2,4,0
66560,2176,516,0,0,0,0
16777220,67109120,8454144,0,1,0,0
4352,33554440,65552,0,2,0,0
1077936128,2304,33558528,0,0,1,20
1050624,327680,32772,0,1,1,19
1048640,1028,268435488,0,2,1,21
262272,133120,1032,0,0,2,10
536870920,540672,33685504,0,1,2,5
8388624,2050,4128,0,2,2,0
33816576,1074790400,67633152,0,0,3,0
67108880,2097408,640,0,1,3,0
67108866,268437504,4608,0,2,3,0
8388612,589824,33556480,0,0,4,4
71303168,32896,33,0,1,4,0
1048640,1073750016,12582912,0,2,4,0
16777220,1073742336,8392704,0,0,0,0
4194560,2097156,8421376,0,1,0,0
135266304,8388624,768,0,2,0,0
2050,285212672,65540,0,0,1,0
262148,2147484672,163840,0,1,1,0
16448,1073750016,132096,0,2,1,0
71303168,132096,134217792,0,0,2,0
67108880,524352,8389120,0,1,2,0
33554464,8388736,134225920,0,2,2,0
537001984,2064,12288,0,0,3,16
536872960,268468224,6291456,0,1,3,8
536870920,67108992,2147491840,0,2,3,0
536871168,20971520,278528,0,0,4,9
67108880,1049600,2164260864,0,1,4,10
524290,8388640,3145728,0,2,4,0
268435712,266240,136314880,0,0,0,6
4097,16778240,768,0,1,0,13
131136,67108866,524800,0,2,0,0
514,603979776,132,0,0,1,0
524800,2097160,1073742848,0,1,1,0
536871168,1074790400,2560,0,2,1,0
268697600,34078720,16777728,0,0,2,23
67108928,17301504,257,0,1,2,13
520,16385,6291456,0,2,2,0
524544,8388609,136314880,0,0,3,21
2147487744,4456448,25165824,0,1,3,19
16777232,33554434,134225920,0,2,3,0
67174400,134217732,4128,0,0,4,0
16777472,163840,524289,0,1,4,0
139264,2097154,525312,0,2,4,0
4160,2113536,8224,0,0,0,21
131073,134742016,65552,0,1,0,0
20971520,2147483652,537919488,0,2,0,0
34078720,576,3145728,0,0,1,4
16386,536870916,65664,0,1,1,0
258,16785408,67108880,0,2,1,0
4202496,2147483680,33554688,0,0,2,0
2147483712,2228224,49152,0,1,2,5
131076,18874368,2176,0,2,2,10
2147483664,1074266112,294912,0,0,3,22
135266304,1073745920,4194336,0,1,3,0
536871424,134217856,524304,0,2,3,27
268451840,4194320,67108992,0,0,4,16
3,35651584,524292,0,1,4,10
2049,262400,16392,0,2,4,0
1081344,2097408,524800,0,0,0,21
4112,3072,67174400,0,1,0,31
34603008,1074266112,4128,0,2,0,0
1536,16448,8193,0,0,1,0
50331648,2147549184,134221824,0,1,1,0
2112,524289,2097184,0,2,1,21
98304,4196352,134742016,0,0,2,11
268959744,34,65537,0,1,2,22
65552,133120,3221225472,0,2,2,0
34078720,134218752,262148,0,0,3,0
33,25165824,65540,0,1,3,0
640,536875008,2359296,0,2,3,0
9437184,80,131074,0,0,4,0
18,268435584,516,0,1,4,4
160,514,262160,0,2,4,14
6291456,536875008,134348800,0,0,0,0
2147483656,671088640,1073872896,0,1,0,15
2148532224,33554464,4202496,0,2,0,38
67174400,1081344,16777344,0,0,1,13
20971520,2097168,65664,0,1,1,7
268435968,4456448,5,0,2,1,6
136,268436480,2560,0,0,2,0
139264,66,262176,0,1,2,13
16777217,201326592,768,0,2,2,0
33554944,2164260864,6144,0,0,3,0
268435460,262176,65600,0,1,3,6
262160,1280,8388612,0,2,3,0
16777218,2147483776,4202496,0,0,4,3
201326592,1040,8704,0,1,4,0
4194368,32772,8704,0,2,4,22
2149580800,1064960,32784,0,0,0,17
16388,8704,18,0,1,0,0
17039360,40,671088640,0,2,0,0
33816576,10240,525312,0,0,1,11
262152,1207959552,1152,0,1,1,0
32896,541065216,33555456,0,2,1,0
40960,263168,33,0,0,2,14
16777472,2415919104,4196352,0,1,2,0
272,540672,131080,0,2,2,0
536871040,2101248,1536,0,0,3,12
2129920,16896,67108865,0,1,3,0
4227072,540672,50331648,0,2,3,0
1049088,40,524290,0,0,4,0
131104,12,134217984,0,1,4,10
3072,536870916,67109376,0,2,4,0
524296,67109120,98304,0,0,0,23
134219776,2147483652,16386,0,1,0,0
528,163840,536879104,0,2,0,0
285212672,37748736,67109376,0,0,1,12
131073,16896,4198400,0,1,1,0
16416,33685504,10485760,0,2,1,0
33554560,268435968,8388672,0,0,2,0
65600,4210688,4097,0,1,2,10
134348800,34,67125248,0,2,2,34
69206016,134221824,2148007936,0,0,3,0
8396800,16777344,12,0,1,3,11
268435460,2147549184,2050,0,2,3,0
1342177280,34078720,66560,0,0,4,21
24,8519680,536887296,0,1,4,4
67239936,17039360,536870976,0,2,4,0
67108896,269484032,2129920,0,0,0,0
16908288,1049088,8396800,0,1,0,0
4198400,8388672,2097168,0,2,0,0
4194560,20,524416,0,0,1,14
2097154,16448,537133056,0,1,1,0
9216,2415919104,2097216,0,2,1,0
536871168,262145,16777728,0,0,2,9
40,16512,266240,0,1,2,0
150994944,4098,786432,0,2,2,0
2097168,1049600,134219776,0,0,3,0
5242880,16777217,67125248,0,1,3,0
4202496,2621440,513,0,2,3,11
1088,33554436,67108865,0,0,4,28
134219776,268959744,80,0,1,4,0
12,268500992,12288,0,2,4,11
4224,132096,33280,0,0,0,16
320,32784,37748736,0,1,0,15
8388640,268566528,16777344,0,2,0,0
16778240,264192,260,0,0,1,7
262160,33554436,268435458,0,1,1,4
589824,1073741856,8388672,0,2,1,0
134283264,557056,6,0,0,2,0
33555456,25165824,278528,0,1,2,0
285212672,536903680,589824,0,2,2,0
4104,33587200,136314880,0,0,3,28
65540,134217760,1074266112,0,1,3,0
67110912,4718592,1048592,0,2,3,39
34078720,576,2099200,0,0,4,0
2097184,9437184,65538,0,1,4,21
34603008,2050,131076,0,2,4,0
268435472,67109376,16416,0,0,0,2
134225920,262145,537395200,0,1,0,0
134742016,66048,536870928,0,2,0,0
262656,40960,33619968,0,0,1,4
8388610,67633152,272,0,1,1,0
1074003968,8388736,33554436,0,2,1,6
65792,8392704,4194320,0,0,2,0
134217729,32896,603979776,0,1,2,0
2147484160,33554434,262160,0,2,2,10
131328,67584,544,0,0,3,13
270532608,4194312,69632,0,1,3,5
537395200,1536,2050,0,2,3,6
16512,4194368,536870928,0,0,4,0
524292,2176,536875008,0,1,4,10
4196352,16777218,48,0,2,4,0
33554440,268435584,1088,0,0,0,0
4456448,589824,8388609,0,1,0,0
532480,1026,129,0,2,0,14
2148007936,1073742336,4194305,0,0,1,14
3072,16785408,134283264,0,1,1,0
131328,2181038080,16785408,0,2,1,0
2147500032,272629760,536936448,0,0,2,4
263168,268439552,603979776,0,1,2,0
524320,8200,67110912,0,2,2,48
196608,16777218,2147483656,0,0,3,0
513,2162688,32776,0,1,3,3
2147487744,540672,16809984,0,2,3,25
65538,4196352,1207959552,0,0,4,11
3072,67108896,536870914,0,1,4,0
83886080,1073807360,16416,0,2,4,0
17,10485760,1048584,0,0,0,18
2097664,100663296,671088640,0,1,0,0
8388616,2098176,67174400,0,2,0,0
8388672,513,288,0,0,1,21
1310720,2147491840,1073741828,0,1,1,0
1572864,16908288,134250496,0,2,1,14
2147500032,288,67109376,0,0,2,22
805306368,131080,1040,0,1,2,17
134250496,2147483680,20971520,0,2,2,10
8194,147456,2049,0,0,3,18
257,2415919104,536879104,0,1,3,0
8194,1073741825,16512,0,2,3,0
536871936,1310720,524290,0,0,4,30
262146,2147484160,24576,0,1,4,0
268435488,9437184,2147745792,0,2,4,14
138412032,33,8912896,0,0,0,31
135168,4194432,516,0,1,0,10
268566528,36864,67109888,0,2,0,28
16793600,3,8392704,0,0,1,13
33619968,4194312,262145,0,1,1,4
266240,20,132096,0,2,1,24
538968064,268468224,33558528,0,0,2,12
1075838976,8421376,402653184,0,1,2,4
33562624,2147745792,134217736,0,2,2,0
133120,9437184,16777218,0,0,3,4
16777280,268435712,2147484672,0,1,3,0
8650752,134348800,67110912,0,2,3,0
513,32776,589824,0,0,4,0
71303168,134217736,48,0,1,4,0
2147483656,136314880,536871424,0,2,4,18
9437184,4456448,2147549184,0,0,0,15
131200,67584,32832,0,1,0,3
1342177280,134348800,66560,0,2,0,21
134283264,544,4112,0,0,1,35
131074,16777224,536870916,0,1,1,0
35651584,16778240,335544320,0,2,1,0
16400,1114112,528384,0,0,2,0
2101248,16388,301989888,0,1,2,0
268436480,81920,262656,0,2,2,6
263168,2097154,131104,0,0,3,20
4194320,524296,67108866,0,1,3,7
576,541065216,10485760,0,2,3,0
268959744,4325376,536871936,0,0,4,5
131080,8704,16777218,0,1,4,14
5,10485760,16448,0,2,4,0
2101248,16793600,768,0,0,0,10
9,12288,262146,0,1,0,0
1048608,134217792,260,0,2,0,0
33,2099200,67239936,0,0,1,0
33816576,16777217,536871936,0,1,1,0
544,2415919104,536879104,0,2,1,0
671088640,12,4194816,0,0,2,16
4194560,9,67112960,0,1,2,0
8388616,2415919104,557056,0,2,2,0
8388640,16842752,18,0,0,3,10
1152,68157440,131073,0,1,3,27
139264,1610612736,83886080,0,2,3,0
640,536870944,33792,0,0,4,0
80,67109888,142606336,0,1,4,39
6291456,18432,1048592,0,2,4,0
2181038080,4325376,33024,0,0,0,9
65540,2281701376,1088,0,1,0,0
36864,8519680,327680,0,2,0,0
2147483652,160,8454144,0,0,1,2
3145728,9,260,0,1,1,14
163840,536936448,67125248,0,2,1,3
4194306,2147483680,65600,0,0,2,0
545259520,393216,2415919104,0,1,2,0
41943040,3145728,536872960,0,2,2,0
33792,12582912,131073,0,0,3,3
134217984,2147500032,33555456,0,1,3,0
2162688,553648128,80,0,2,3,0
32769,33554464,524296,0,0,4,0
268436480,4718592,1082130432,0,1,4,2
8448,134217736,2064,0,2,4,0
36,536879104,83886080,0,0,0,0
1572864,134283264,16448,0,1,0,11
524304,537133056,2304,0,2,0,0
2147484160,786432,1073807360,0,0,1,18
1073745920,2064,131080,0,1,1,26
4194306,2049,16785408,0,2,1,0
131088,4224,2097160,0,0,2,20
258,131080,8196,0,1,2,0
131328,524289,4194336,0,2,2,0
268959744,2147483652,2098176,0,0,3,0
268437504,33554434,17039360,0,1,3,17
131328,1040,6,0,2,3,4
17301504,131074,68157440,0,0,4,0
268451840,272,2112,0,1,4,17
1074003968,2148007936,2080,0,2,4,0
266240,1048580,2112,0,0,0,14
272629760,2181038080,1073741832,0,1,0,0
33554440,4195328,1073741828,0,2,0,3
1073741952,33587200,16392,0,0,1,9
603979776,37748736,16809984,0,1,1,19
160,1028,269484032,0,2,1,0
71303168,134217760,2147483776,0,0,2,0
1073742336,67108880,262152,0,1,2,15
131584,8224,262400,0,2,2,0
2176,6291456,2147483649,0,0,3,4
532480,8421376,1280,0,1,3,11
33816576,134217729,36,0,2,3,0
2147483776,335544320,8194,0,0,4,4
263168,33554560,536903680,0,1,4,0
131073,5120,96,0,2,4,0
9437184,4112,16385,0,0,0,25
524320,33685504,536872960,0,1,0,0
4194816,65600,16793600,0,2,0,0
276824064,2097408,1074790400,0,0,1,13
67371008,4194816,24576,0,1,1,21
67108896,6144,537133056,0,2,1,0
4194305,24,268435968,0,0,2,0
8519680,67108880,1025,0,1,2,7
48,33554433,1049600,0,2,2,0
196608,134217792,4227072,0,0,3,25
134217984,67108872,524352,0,1,3,45
32776,196608,16896,0,2,3,0
2149580800,536903680,528,0,0,4,8
67108896,196608,8389632,0,1,4,26
335544320,134217729,16777248,0,2,4,12
12288,2181038080,536870976,0,0,0,0
536871040,16777224,2097153,0,1,0,8
71303168,20,134742016,0,2,0,0
9216,536871168,41943040,0,0,1,0
4202496,16392,1073741826,0,1,1,0
16779264,1028,2147516416,0,2,1,0
2147614720,528,192,0,0,2,20
536870913,528384,2129920,0,1,2,12
2148007936,5120,268435488,0,2,2,37
5120,65544,2164260864,0,0,3,13
8392704,4227072,288,0,1,3,20
524304,1207959552,1049088,0,2,3,0
4202496,1107296256,80,0,0,4,0
294912,67584,134217760,0,1,4,0
66560,16809984,4196352,0,2,4,0
2049,96,68157440,0,0,0,24
132,33,32784,0,1,0,0
2147549184,1073872896,4160,0,2,0,15
2164260864,2105344,132,0,0,1,16
528384,537919488,163840,0,1,1,0
20,1073745920,8404992,0,2,1,0
8224,16908288,33792,0,0,2,0
1049600,16777218,1073741888,0,1,2,22
67109888,268435712,10240,0,2,2,0
268435472,8704,1073741828,0,0,3,0
1082130432,264192,160,0,1,3,16
16777472,671088640,557056,0,2,3,0
16385,1152,34078720,0,0,4,4
4194305,2101248,134217856,0,1,4,10
134218752,8194,67239936,0,2,4,0
4202496,260,2147484672,0,0,0,14
135266304,37748736,2147500032,0,1,0,11
1048580,268435458,1075838976,0,2,0,0
49152,8388610,68157440,0,0,1,0
8388609,538968064,10,0,1,1,0
2147483652,4224,524544,0,2,1,22
2101248,540672,805306368,0,0,2,0
150994944,4160,264192,0,1,2,0
18432,268435968,8193,0,2,2,0
4128,1082130432,80,0,0,3,0
134217732,1050624,4210688,0,1,3,0
17825792,2147485696,16416,0,2,3,0
541065216,1179648,2147491840,0,0,4,14
18,40960,536871168,0,1,4,4
524800,9437184,1107296256,0,2,4,0
268443648,136314880,16448,0,0,0,35
4194336,33558528,8704,0,1,0,0
1073741828,8448,2097184,0,2,0,2
1088,536872960,1056768,0,0,1,0
4224,270532608,32772,0,1,1,0
32896,671088640,1048578,0,2,1,0
1073741888,262656,134217730,0,0,2,28
2097154,268435712,17301504,0,1,2,0
4194336,67108868,402653184,0,2,2,0
67108872,18,142606336,0,0,3,0
393216,526336,10485760,0,1,3,0
2097154,134742016,2148532224,0,2,3,0
8404992,32832,4718592,0,0,4,0
1536,276824064,16392,0,1,4,0
1073758208,272629760,40960,0,2,4,13
138412032,327680,16779264,0,0,0,22
33554464,20480,2228224,0,1,0,0
268435712,1048584,1073741826,0,2,0,0
1052672,1073741888,2176,0,0,1,0
34816,2113536,8200,0,1,1,3
1090519040,524544,131200,0,2,1,18
8388610,2097664,129,0,0,2,0
33024,131073,268435488,0,1,2,0
10485760,268435712,67109376,0,2,2,0
4098,2147516416,540672,0,0,3,0
2181038080,83886080,4194432,0,1,3,5
805306368,655360,33555456,0,2,3,24
2148532224,1610612736,134217736,0,0,4,7
16777280,34816,8193,0,1,4,22
65600,67110912,8388609,0,2,4,21
2113536,1048704,2147483650,0,0,0,0
134219776,2684354560,16777224,0,1,0,0
524544,4194305,16512,0,2,0,10
1073774592,34078720,8193,0,0,1,6
67633152,272629760,134221824,0,1,1,0
201326592,2105344,536871936,0,2,1,25
4194368,34,33280,0,0,2,0
67141632,16908288,268436480,0,1,2,0
2097184,16388,2147491840,0,2,2,0
4259840,2359296,260,0,0,3,0
528384,66560,9437184,0,1,3,13
268439552,49152,1073742848,0,2,3,13
272629760,8704,4112,0,0,4,27
513,67125248,5120,0,1,4,13
1073774592,16842752,536887296,0,2,4,7
1049600,8388736,33554464,0,0,0,28
8388616,16777344,320,0,1,0,0
1342177280,34,1049088,0,2,0,25
536879104,10,67108868,0,0,1,26
1048578,131104,32776,0,1,1,14
134217729,2147483656,17408,0,2,1,0
12,2151677952,131328,0,0,2,0
262208,8388616,603979776,0,1,2,14
384,34078720,2147516416,0,2,2,0
2064,6,768,0,0,3,4
24,18432,167772160,0,1,3,0
130,1075838976,655360,0,2,3,0
268436480,134217729,67584,0,0,4,2
16781312,268435457,134217760,0,1,4,0
4198400,1088,2056,0,2,4,17
80,34,67112960,0,0,0,21
134225920,262208,268435458,0,1,0,0
65537,524320,49152,0,2,0,0
288,536871040,576,0,0,1,0
201326592,2147549184,278528,0,1,1,11
524289,65552,67108872,0,2,1,0
768,8389632,262160,0,0,2,0
1048640,536871936,2129920,0,1,2,0
33619968,16779264,17,0,2,2,15
33554433,134217736,81920,0,0,3,0
2097408,8704,33587200,0,1,3,0
1073742080,2147485696,17825792,0,2,3,0
33554434,8388612,65792,0,0,4,4
10240,786432,16777232,0,1,4,0
16777218,73728,2281701376,0,2,4,0
16778240,136,8389120,0,0,0,9
1074790400,524290,96,0,1,0,44
41943040,262146,268451840,0,2,0,0
4202496,2097216,264,0,0,1,25
1048608,2097168,17301504,0,1,1,0
67108865,268436480,262152,0,2,1,0
25165824,66560,541065216,0,0,2,0
603979776,8519680,524290,0,1,2,5
526336,9,1152,0,2,2,20
3072,16448,268435968,0,0,3,3
16908288,2155872256,67174400,0,1,3,0
8208,34078720,262208,0,2,3,19
537395200,65537,16777218,0,0,4,15
1073741832,786432,32769,0,1,4,19
541065216,134217984,1140850688,0,2,4,0
67584,516,131074,0,0,0,4
262176,33556480,25165824,0,1,0,0
16842752,142606336,18,0,2,0,0
16777248,301989888,8454144,0,0,1,0
65552,10,2147745792,0,1,1,0
73728,272629760,537395200,0,2,1,0
16416,8208,655360,0,0,2,0
1032,131088,34816,0,1,2,0
33554560,66048,2105344,0,2,2,0
268566528,138412032,2181038080,0,0,3,6
327680,525312,8704,0,1,3,0
2162688,134221824,33554436,0,2,3,0
83886080,294912,536870914,0,0,4,0
134217744,8396800,132096,0,1,4,32
81920,8194,768,0,2,4,0
1040,2147549184,12582912,0,0,0,0
131080,18432,536879104,0,1,0,0
16781312,8454144,130,0,2,0,10
133120,528384,1025,0,0,1,0
34078720,12,2098176,0,1,1,7
268439552,524416,4227072,0,2,1,12
32800,2560,589824,0,0,2,0
17,269484032,134234112,0,1,2,0
272,4194305,1048584,0,2,2,7
134219776,536870928,2147483649,0,0,3,0
2147483712,1048592,37748736,0,1,3,32
34078720,1073745920,268435488,0,2,3,0
1114112,262145,16777232,0,0,4,0
65568,16777220,135168,0,1,4,20
33554436,71303168,2080,0,2,4,0
301989888,2281701376,36,0,0,0,0
1048592,536879104,134217984,0,1,0,0
528384,4456448,16388,0,2,0,10
16781312,524296,96,0,0,1,47
17825792,67109120,4227072,0,1,1,0
2097280,33554433,8256,0,2,1,0
33024,525312,2147483776,0,0,2,0
528384,36,81920,0,1,2,20
73728,12,1073742848,0,2,2,14
50331648,2151677952,320,0,0,3,0
67633152,268435464,1152,0,1,3,0
10240,8388609,32832,0,2,3,26
2147483776,269484032,16386,0,0,4,15
67109120,33554560,1056,0,1,4,0
2560,268435584,16448,0,2,4,0
268500992,67110912,5,0,0,0,16
262146,138412032,17408,0,1,0,0
2147485696,131088,266240,0,2,0,9
268435584,1073774592,9437184,0,0,1,0
71303168,18,2147483652,0,1,1,10
67110912,132096,16793600,0,2,1,16
8519680,514,1073742080,0,0,2,0
4608,2105344,4196352,0,1,2,0
138412032,268959744,34603008,0,2,2,0
69206016,131080,135266304,0,0,3,0
33554434,1073758208,66048,0,1,3,0
3072,4194306,8454144,0,2,3,7
24,553648128,2097280,0,0,4,7
1073741828,603979776,268468224,0,1,4,14
260,10240,83886080,0,2,4,14
268566528,67108928,288,0,0,0,36
131080,9216,4259840,0,1,0,0
65552,1075838976,544,0,2,0,0
2151677952,16448,32769,0,0,1,13
66560,8519680,2097184,0,1,1,0
134234112,132,33554433,0,2,1,15
1056768,134217730,163840,0,0,2,11
68157440,4202496,8519680,0,1,2,22
33554433,12582912,33024,0,2,2,0
147456,524352,134283264,0,0,3,0
1073750016,268435472,536887296,0,1,3,8
268439552,536871936,2147483652,0,2,3,0
2214592512,2101248,66560,0,0,4,25
49152,20,4259840,0,1,4,0
268439552,18874368,263168,0,2,4,22
67108880,50331648,8389632,0,0,0,24
4100,536870928,1075838976,0,1,0,0
2147484672,545259520,81920,0,2,0,2
1050624,131088,536870944,0,0,1,0
134217736,132096,33554436,0,1,1,18
536870928,33554560,65,0,2,1,2
262152,603979776,2129920,0,0,2,0
1342177280,67108865,1032,0,1,2,20
8396800,65540,33816576,0,2,2,0
1056768,131104,65538,0,0,3,35
32800,2113536,2281701376,0,1,3,0
5,1052672,16416,0,2,3,0
8196,4194305,536887296,0,0,4,0
1028,134234112,33554464,0,1,4,4
33,81920,2097280,0,2,4,10
1049088,65544,268468224,0,0,0,11
33554440,2097664,8388610,0,1,0,4
384,2147487744,4718592,0,2,0,0
2080,2147484160,8256,0,0,1,0
16448,4194305,2621440,0,1,1,0
1073742336,65568,536870916,0,2,1,12
67108872,536871424,1114112,0,0,2,0
71303168,33619968,1073742336,0,1,2,0
1090519040,67108872,16896,0,2,2,5
1048640,1073807360,264,0,0,3,0
8256,268959744,2098176,0,1,3,0
192,2415919104,132096,0,2,3,0
67633152,33554944,8196,0,0,4,0
8388736,133120,16777218,0,1,4,0
1090519040,33,167772160,0,2,4,6
8388736,135266304,65568,0,0,0,11
1052672,34,33554436,0,1,0,0
20480,1073742080,1179648,0,2,0,0
20,1073742080,285212672,0,0,1,0
4259840,67108866,576,0,1,1,0
2359296,134218752,8194,0,2,1,0
33556480,4195328,1179648,0,0,2,0
40960,276824064,537001984,0,1,2,0
536871424,35651584,8396800,0,2,2,2
528,2147483652,8448,0,0,3,0
8196,2149580800,268500992,0,1,3,0
16386,266240,1075838976,0,2,3,0
1090519040,2147483680,524289,0,0,4,0
1310720,8200,96,0,1,4,0
2148532224,1077936128,320,0,2,4,13
8912896,5242880,80,0,0,0,4
2147483652,1073745920,10240,0,1,0,16
262272,2049,537001984,0,2,0,7
4194368,10,536903680,0,0,1,0
2359296,2148007936,8194,0,1,1,0
524352,33570816,8704,0,2,1,0
134742016,268435460,16448,0,0,2,0
134217984,1050624,67108872,0,1,2,0
1048578,536870944,12,0,2,2,0
1073807360,8392704,2147483656,0,0,3,0
65664,2147745792,67108865,0,1,3,0
67117056,536870944,2147485696,0,2,3,0
528384,16896,16777472,0,0,4,23
8388640,32896,10,0,1,4,13
537133056,4194816,268435472,0,2,4,4
268435457,2147491840,536875008,0,0,0,0
268435472,536875008,1048640,0,1,0,0
528,1610612736,384,0,2,0,0
4194336,8200,135168,0,0,1,37
516,1074003968,536870928,0,1,1,0
32776,2097280,270336,0,2,1,0
20480,2147483650,2097664,0,0,2,0
1090519040,2147549184,2050,0,1,2,0
1073741888,134225920,16385,0,2,2,35
35651584,8454144,16777218,0,0,3,7
2359296,544,2056,0,1,3,0
72,65792,20480,0,2,3,0
1075838976,134217760,2147491840,0,0,4,0
1073758208,2129920,536870976,0,1,4,4
4097,258,2359296,0,2,4,0
131074,2097168,2147483904,0,0,0,0
1048832,33556480,16785408,0,1,0,0
1140850688,8194,65552,0,2,0,27
570425344,3072,4224,0,0,1,23
1075838976,269484032,75497472,0,1,1,14
134742016,536870944,268443648,0,2,1,0
67109376,1073745920,147456,0,0,2,0
1073774592,17408,2621440,0,1,2,15
4194320,538968064,1028,0,2,2,0
33024,65552,68157440,0,0,3,14
262152,1572864,131584,0,1,3,0
576,4195328,17039360,0,2,3,0
524352,6144,268435968,0,0,4,14
8650752,2147485696,67108866,0,1,4,0
32770,134217984,16777280,0,2,4,0
65,16640,1082130432,0,0,0,0
33619968,134217792,8519680,0,1,0,0
67371008,536870976,16640,0,2,0,0
34603008,96,589824,0,0,1,46
1073741825,2155872256,2112,0,1,1,0
32770,33555456,131080,0,2,1,0
524800,1610612736,8256,0,0,2,0
8224,1048592,262145,0,1,2,14
8404992,4202496,33816576,0,2,2,0
2147745792,570425344,2304,0,0,3,4
2097280,68,536875008,0,1,3,0
805306368,264192,131200,0,2,3,15
524292,33619968,536870913,0,0,4,0
16448,268500992,67110912,0,1,4,0
4456448,603979776,2176,0,2,4,0
2098176,1050624,603979776,0,0,0,0
8392704,671088640,384,0,1,0,0
2147484160,264192,1073741828,0,2,0,8
8388672,1048608,768,0,0,1,32
1342177280,138412032,33554560,0,1,1,19
36,536872960,67109888,0,2,1,0
1280,33554944,2155872256,0,0,2,0
268435457,8519680,1310720,0,1,2,9
540672,272629760,1073774592,0,2,2,0
16778240,67110912,134217732,0,0,3,0
1074003968,16908288,536872960,0,1,3,7
67108872,134217732,33,0,2,3,0
131136,2097153,20,0,0,4,11
67108868,2228224,541065216,0,1,4,3
16777728,2176,257,0,2,4,0
1536,1074266112,67110912,0,0,0,0
2097156,8388736,33555456,0,1,0,0
524289,33554448,32772,0,2,0,0
1048578,262152,1610612736,0,0,1,0
16785408,33554436,513,0,1,1,0
16908288,66,1310720,0,2,1,7
10240,67108880,1179648,0,0,2,0
16448,2176,34078720,0,1,2,4
67108866,2149580800,33554440,0,2,2,0
4194312,786432,285212672,0,0,3,0
32776,1073750016,4194320,0,1,3,0
50331648,36,5120,0,2,3,0
8421376,33619968,4194368,0,0,4,0
2228224,5242880,278528,0,1,4,0
576,288,32770,0,2,4,11
8256,2148532224,33555456,0,0,0,0
68,536871168,67584,0,1,0,0
269484032,8388612,9216,0,2,0,27
805306368,768,786432,0,0,1,18
71303168,65537,35651584,0,1,1,14
34816,2147483649,67633152,0,2,1,0
66560,33556480,18874368,0,0,2,4
33554434,4160,536903680,0,1,2,0
2214592512,160,34816,0,2,2,12
69206016,12288,2155872256,0,0,3,0
288,134348800,526336,0,1,3,13
1073745920,514,67117056,0,2,3,33
134218752,4097,1073741952,0,0,4,0
67108868,32776,2097168,0,1,4,0
40,131088,536870914,0,2,4,13
6144,2684354560,2162688,0,0,0,0
134219776,71303168,65568,0,1,0,35
268500992,20971520,1050624,0,2,0,6
1025,268451840,4202496,0,0,1,0
2105344,144,8388672,0,1,1,15
4194306,524352,536870913,0,2,1,0
33,2147516416,2113536,0,0,2,0
2097160,33024,133120,0,1,2,0
67108866,4194560,2056,0,2,2,0
9216,18874368,8388736,0,0,3,17
67117056,134217729,16777218,0,1,3,11
36,134218240,8912896,0,2,3,0
32832,2147485696,544,0,0,4,0
16785408,134221824,1073741856,0,1,4,0
1028,134348800,570425344,0,2,4,0
33554436,268436480,24,0,0,0,0
1032,2112,8404992,0,1,0,0
75497472,2164260864,16448,0,2,0,0
100663296,2304,2147483776,0,0,1,10
33,83886080,1048580,0,1,1,0
1074003968,48,2147483656,0,2,1,0
4194320,81920,1056,0,0,2,0
553648128,134217730,2097216,0,1,2,13
8388640,33792,17039360,0,2,2,0
536879104,4259840,67141632,0,0,3,23
4104,4194560,1073742848,0,1,3,0
671088640,67584,20971520,0,2,3,2
1081344,536871936,37748736,0,0,4,0
528384,17825792,67109120,0,1,4,0
1073742080,17408,2147483712,0,2,4,0
12,268435457,2147485696,0,0,0,0
536879104,65537,768,0,1,0,13
524352,1280,33554944,0,2,0,0
268435712,570425344,134218752,0,0,1,0
2052,553648128,33,0,1,1,0
262146,384,2162688,0,2,1,4
65568,268439552,8519680,0,0,2,0
12582912,2147487744,134348800,0,1,2,0
67108868,130,4194816,0,2,2,10
18874368,528,100663296,0,0,3,0
67633152,262160,4104,0,1,3,0
20971520,32832,589824,0,2,3,0
1049088,2181038080,16777217,0,0,4,0
135266304,4210688,536870916,0,1,4,0
33280,16777220,33554464,0,2,4,0
65552,33558528,524290,0,0,0,8
65544,4456448,557056,0,1,0,0
147456,67108896,33554436,0,2,0,0
34078720,2149580800,4224,0,0,1,0
67371008,80,538968064,0,1,1,14
134217760,8650752,576,0,2,1,11
4098,589824,1028,0,0,2,0
138412032,1310720,67239936,0,1,2,0
34816,1140850688,8256,0,2,2,0
262208,16777344,524800,0,0,3,0
75497472,262152,65792,0,1,3,0
2176,8396800,134283264,0,2,3,4
16388,1048608,655360,0,0,4,0
2050,1048640,8196,0,1,4,0
553648128,4194336,272,0,2,4,6
537001984,16777220,134221824,0,0,0,29
536936448,66,1064960,0,1,0,13
1048577,136,268468224,0,2,0,11
8519680,34,16777472,0,0,1,0
65538,75497472,33558528,0,1,1,0
134250496,33558528,2097664,0,2,1,21
8912896,2228224,805306368,0,0,2,0
1610612736,4718592,2097280,0,1,2,14
2052,1048640,294912,0,2,2,0
17408,536872960,1056768,0,0,3,0
264192,268435520,258,0,1,3,0
263168,192,98304,0,2,3,14
8388672,1056,135168,0,0,4,37
2155872256,268443648,3072,0,1,4,16
130,524320,8389120,0,2,4,0
3221225472,67125248,16785408,0,0,0,28
268437504,16512,288,0,1,0,16
262208,2147614720,524292,0,2,0,0
135266304,262145,96,0,0,1,47
2176,2149580800,524544,0,1,1,0
2148532224,65538,8389120,0,2,1,2
4097,67109120,2147491840,0,0,2,0
32769,268566528,1073743872,0,1,2,0
1048608,536887296,4194816,0,2,2,0
536870914,16777280,524416,0,0,3,5
268435472,25165824,16512,0,1,3,5
1073741856,570425344,8388624,0,2,3,6
1077936128,393216,4098,0,0,4,19
134217744,17825792,34078720,0,1,4,43
2359296,532480,8390656,0,2,4,0
16388,524352,131104,0,0,0,0
16779264,2147483664,262146,0,1,0,0
67108872,17039360,8388610,0,2,0,20
16896,65544,2151677952,0,0,1,0
2560,33570816,4194312,0,1,1,0
1048580,2056,544,0,2,1,0
384,270532608,262176,0,0,2,0
16777280,8388640,34078720,0,1,2,0
17301504,32776,2097168,0,2,2,17
132,139264,67109888,0,0,3,0
1049600,537395200,131074,0,1,3,21
2214592512,4098,1073774592,0,2,3,4
150994944,16400,131074,0,0,4,0
268435458,1073741828,262160,0,1,4,6
532480,570425344,3072,0,2,4,0
262152,33280,8404992,0,0,0,7
8388624,2147483656,167772160,0,1,0,11
268566528,80,4352,0,2,0,30
67125248,4194432,65600,0,0,1,21
528,1073745920,129,0,1,1,0
18432,33619968,17825792,0,2,1,0
135168,2147485696,134217856,0,0,2,14
65,268435584,67108872,0,1,2,0
134217792,2097184,1073742080,0,2,2,0
2080,2097280,16777472,0,0,3,17
8388610,4456448,1073872896,0,1,3,0
4194320,134221824,16777224,0,2,3,0
2147483712,50331648,278528,0,0,4,24
4195328,40,4160,0,1,4,0
129,266240,4195328,0,2,4,4
16777248,71303168,536871936,0,0,0,0
272629760,16777224,545259520,0,1,0,0
68,33554944,135266304,0,2,0,0
65540,4202496,1073758208,0,0,1,0
402653184,526336,262145,0,1,1,31
68,2162688,1073750016,0,2,1,0
1073742080,2064,4210688,0,0,2,6
134217736,1049088,536872960,0,1,2,0
134217760,557056,33554944,0,2,2,0
131088,150994944,537919488,0,0,3,0
83886080,268959744,1048580,0,1,3,0
131074,36,8389120,0,2,3,0
10485760,2148532224,264192,0,0,4,0
12288,540672,272,0,1,4,0
18874368,268435460,33554440,0,2,4,0
8392704,33554434,1073750016,0,0,0,0
262656,268435457,8392704,0,1,0,0
33587200,2097156,134217792,0,2,0,0
262152,131584,33570816,0,0,1,7
35651584,1056768,278528,0,1,1,30
8396800,134742016,537001984,0,2,1,0
17301504,4352,2560,0,0,2,27
16448,536870920,67141632,0,1,2,0
520,33554448,2147484672,0,2,2,0
2056,524292,268439552,0,0,3,0
4227072,16386,1049600,0,1,3,0
536870976,2147745792,12,0,2,3,6
1207959552,268959744,8390656,0,0,4,29
262656,40,8388864,0,1,4,0
2621440,67141632,2148532224,0,2,4,0
2098176,262152,134217856,0,0,0,6
131136,17039360,4195328,0,1,0,0
32770,67633152,136314880,0,2,0,0
536870913,17301504,16512,0,0,1,15
514,138412032,8389632,0,1,1,0
150994944,192,73728,0,2,1,36
1040,67633152,268435712,0,0,2,0
1074003968,67108868,4227072,0,1,2,16
1073741840,4104,134217760,0,2,2,16
2147483776,131074,134742016,0,0,3,26
33554496,2304,131200,0,1,3,0
4098,34816,67108865,0,2,3,20
2560,20971520,142606336,0,0,4,18
4352,67108880,8224,0,1,4,0
67584,33554433,4160,0,2,4,0
25165824,294912,537395200,0,0,0,0
268959744,73728,33558528,0,1,0,37
1179648,1073742848,16785408,0,2,0,0
2147483680,134225920,2097168,0,0,1,38
68157440,8392704,1073741832,0,1,1,0
4160,2147483776,133120,0,2,1,0
65552,1140850688,269484032,0,0,2,0
66048,1049600,33554560,0,1,2,0
1114112,8912896,1090519040,0,2,2,14
4352,4210688,8912896,0,0,3,20
134217729,16785408,136,0,1,3,0
1064960,544,294912,0,2,3,0
4325376,25165824,32769,0,0,4,3
139264,16779264,33554464,0,1,4,0
536879104,134219776,4194305,0,2,4,13
65552,34078720,16777728,0,0,0,8
16777220,32800,538968064,0,1,0,0
327680,3,1280,0,2,0,0
34603008,268435458,134283264,0,0,1,0
2281701376,603979776,24576,0,1,1,36
278528,100663296,320,0,2,1,0
1310720,8194,1073758208,0,0,2,4
18432,1140850688,4194560,0,1,2,0
1048584,8404992,4224,0,2,2,21
10,18874368,4112,0,0,3,0
16779264,67174400,524296,0,1,3,7
20480,134217732,1073743872,0,2,3,0
520,134219776,2147483712,0,0,4,0
134221824,1074266112,67108872,0,1,4,0
268436480,4325376,134234112,0,2,4,19
4352,33556480,536870944,0,0,0,0
16777344,2149580800,1073741832,0,1,0,0
264,1074790400,8208,0,2,0,0
2228224,9216,1207959552,0,0,1,0
69206016,536871424,130,0,1,1,10
8388736,655360,33556480,0,2,1,0
4194816,8388616,4097,0,0,2,0
6144,536870920,134218240,0,1,2,0
50331648,1056,2097153,0,2,2,0
16809984,4194305,576,0,0,3,0
32896,67117056,16777728,0,1,3,0
1032,1572864,768,0,2,3,13
134217730,540672,67108865,0,0,4,31
33280,65537,134218752,0,1,4,0
8320,524304,132096,0,2,4,0
1074003968,134217792,16512,0,0,0,28
163840,264,16777728,0,1,0,0
16908288,589824,48,0,2,0,0
34816,2105344,2147487744,0,0,1,0
67633152,8519680,4128,0,1,1,43
65544,536875008,1040,0,2,1,0
142606336,268697600,33619968,0,0,2,0
4196352,2147483650,8704,0,1,2,0
540672,268435464,134218752,0,2,2,14
2147549184,67117056,2560,0,0,3,13
18,25165824,268436480,0,1,3,0
268435472,4104,131076,0,2,3,8
16777472,33816576,1073741840,0,0,4,0
16777728,1073758208,1048608,0,1,4,0
1090519040,65537,4112,0,2,4,12
3072,16416,268435460,0,0,0,0
33024,2147483776,16416,0,1,0,0
1048832,2112,2101248,0,2,0,0
1073741832,2113536,65568,0,0,1,2
516,35651584,258,0,1,1,0
263168,2147487744,301989888,0,2,1,0
8196,4194432,2129920,0,0,2,0
36,272,2147483649,0,1,2,0
48,4224,142606336,0,2,2,0
16777472,2097216,67108880,0,0,3,15
1050624,513,33562624,0,1,3,0
33,384,1081344,0,2,3,0
2415919104,33570816,262656,0,0,4,12
4194305,1073742080,525312,0,1,4,0
536870976,65792,528,0,2,4,17
67112960,524352,1107296256,0,0,0,24
147456,1073745920,2147484672,0,1,0,0
1028,537395200,1048704,0,2,0,0
16777217,8704,1107296256,0,0,1,0
536871424,6,134348800,0,1,1,13
1028,4194320,768,0,2,1,0
1026,1048584,134250496,0,0,2,0
8388624,134217760,1028,0,1,2,0
4224,268566528,16385,0,2,2,0
6144,524289,545259520,0,0,3,10
134218240,2147614720,16400,0,1,3,0
134225920,268451840,16777280,0,2,3,0
8912896,4194336,33554436,0,0,4,0
67371008,276824064,320,0,1,4,0
276824064,67117056,2052,0,2,4,13
33555456,268435464,16400,0,0,0,0
136,16640,2050,0,1,0,0
4194816,134283264,8388616,0,2,0,0
139264,536936448,540672,0,0,1,0
134217729,33816576,268435460,0,1,1,0
8388609,16448,268435712,0,2,1,0
536870920,67112960,16385,0,0,2,25
73728,270532608,2147614720,0,1,2,0
540672,2049,48,0,2,2,28
134219776,25165824,2228224,0,0,3,21
71303168,134219776,8650752,0,1,3,0
272629760,16777472,2228224,0,2,3,5
150994944,33792,520,0,0,4,0
524292,65552,320,0,1,4,0
67110912,134250496,1048592,0,2,4,0
2162688,4194816,1025,0,0,0,0
276824064,536872960,40,0,1,0,0
269484032,67108992,33554440,0,2,0,30
133120,268435460,67371008,0,0,1,0
131104,33554448,2147483776,0,1,1,0
1073741826,16779264,301989888,0,2,1,7
33554496,537395200,262272,0,0,2,0
10240,72,12582912,0,1,2,0
2080,24576,2147745792,0,2,2,0
131073,1048578,16781312,0,0,3,0
384,73728,68,0,1,3,0
25165824,264192,67108880,0,2,3,0
4097,67584,1179648,0,0,4,28
2359296,4352,67125248,0,1,4,0
67125248,134217729,4194368,0,2,4,0
100663296,4195328,33024,0,0,0,17
138412032,8388672,67108866,0,1,0,21
671088640,266240,66,0,2,0,38
65568,131080,1049600,0,0,1,16
1107296256,526336,32770,0,1,1,20
67371008,268959744,33619968,0,2,1,0
301989888,10240,4195328,0,0,2,24
5120,40960,2148007936,0,1,2,0
262176,536870928,16793600,0,2,2,0
8448,33554496,129,0,0,3,26
272629760,35651584,524800,0,1,3,2
4194306,536872960,67108928,0,2,3,0
134283264,268959744,1073741826,0,0,4,0
2097408,4202496,131073,0,1,4,0
163840,33554440,8392704,0,2,4,0
262400,4227072,8388609,0,0,0,4
538968064,270336,24,0,1,0,24
131076,536871040,33,0,2,0,0
4104,32784,1088,0,0,1,13
201326592,288,2151677952,0,1,1,11
32770,536870920,1073741952,0,2,1,0
1049600,16448,2147485696,0,0,2,0
16448,262152,1075838976,0,1,2,0
1310720,8224,2228224,0,2,2,39
8200,16781312,536871936,0,0,3,0
4128,134348800,18432,0,1,3,21
268435472,67108865,536872960,0,2,3,0
294912,67109120,8396800,0,0,4,25
34816,4198400,17301504,0,1,4,0
1048608,33554434,2147483652,0,2,4,0
4608,2147614720,262176,0,0,0,0
68157440,134250496,65600,0,1,0,11
80,288,134219776,0,2,0,0
270336,3,1073807360,0,0,1,4
4195328,8454144,33556480,0,1,1,0
67584,8200,4194816,0,2,1,0
4194560,2147484672,8454144,0,0,2,0
1049088,67633152,264,0,1,2,24
2080,1207959552,536870976,0,2,2,0
786432,16777472,131080,0,0,3,0
9216,4194432,1049088,0,1,3,25
528,1342177280,33554560,0,2,3,0
268500992,1048577,17301504,0,0,4,5
520,1107296256,65600,0,1,4,0
524290,65,33587200,0,2,4,0
2162688,20,16448,0,0,0,15
4194336,393216,576,0,1,0,0
536879104,262208,1073741828,0,2,0,0
5,1179648,536871936,0,0,1,0
32832,8404992,2064,0,1,1,4
8396800,538968064,33816576,0,2,1,0
532480,1074790400,33555456,0,0,2,0
24,2097184,67112960,0,1,2,0
65552,1032,2097156,0,2,2,10
524304,514,4194305,0,0,3,4
33619968,537395200,1074003968,0,1,3,0
8196,1077936128,134250496,0,2,3,0
8650752,2112,67109376,0,0,4,0
1342177280,134218240,320,0,1,4,26
8194,2097153,544,0,2,4,0
553648128,268435488,32896,0,0,0,17
294912,320,65568,0,1,0,0
3072,16842752,67108928,0,2,0,0
384,536887296,134217730,0,0,1,0
4100,553648128,2097154,0,1,1,0
268435457,41943040,537133056,0,2,1,0
1280,576,538968064,0,0,2,0
4194432,1025,67117056,0,1,2,0
536872960,81920,40960,0,2,2,2
131136,2097408,545259520,0,0,3,0
138412032,268436480,5,0,1,3,0
33685504,2560,67108880,0,2,3,0
8404992,528,262176,0,0,4,0
12582912,525312,2162688,0,1,4,0
4456448,2176,136314880,0,2,4,0
40,69632,570425344,0,0,0,0
8519680,4097,1040,0,1,0,0
258,67108865,8396800,0,2,0,0
80,134479872,524800,0,0,1,0
268435460,67109120,66048,0,1,1,12
83886080,147456,4194306,0,2,1,16
262176,2214592512,12288,0,0,2,24
35651584,1064960,1152,0,1,2,0
1048608,33556480,136314880,0,2,2,40
8388612,134283264,16416,0,0,3,0
1082130432,1064960,33,0,1,3,23
16777728,524320,65537,0,2,3,23
671088640,16400,67239936,0,0,4,30
8704,129,528384,0,1,4,21
201326592,8912896,16777344,0,2,4,14
262160,65,2214592512,0,0,0,0
1073758208,268437504,2147483712,0,1,0,0
2147614720,1073750016,4352,0,2,0,14
2162688,9437184,48,0,0,1,0
32896,134283264,288,0,1,1,0
32769,2097168,2080,0,2,1,0
1073774592,2176,262146,0,0,2,10
1073741825,8396800,34,0,1,2,13
73728,134217744,5,0,2,2,26
536871040,262208,4194560,0,0,3,17
536871424,67117056,268468224,0,1,3,14
2151677952,16392,268443648,0,2,3,4
1610612736,12288,1310720,0,0,4,40
67174400,2147483680,144,0,1,4,0
142606336,9,264192,0,2,4,0
134217729,8224,2129920,0,0,0,22
532480,260,130,0,1,0,11
1073742848,276824064,262272,0,2,0,6
536871936,384,69632,0,0,1,2
2359296,268435968,557056,0,1,1,0
514,16512,1073741840,0,2,1,0
2097408,1179648,134742016,0,0,2,0
6144,536870928,134742016,0,1,2,0
528384,294912,258,0,2,2,10
8388672,270336,67141632,0,0,3,0
1048704,263168,131104,0,1,3,18
4194368,268435460,2147516416,0,2,3,0
8392704,260,2147483650,0,0,4,0
67141632,48,16778240,0,1,4,0
536870928,320,3072,0,2,4,24
